W = 1.25892543792725
0.0
2.9847972191922416
2.3844976847168553
3.127340384260402
2.6220022118314508
3.2795629821807832
2.862745560105422
3.4476087896726497
3.1113690997491896
3.6331901641137665
3.3672514542905216
3.836754189736984
3.6314615398330603
4.059959331571963
3.906146087608201
4.300504239660361
4.193094933356254
4.559964655695779
4.4944628010320695
4.838520671835168
4.81115214515575
5.1359833790427265
5.144434716141167
5.453358261547477
5.49578842173612
5.793240589503806
5.865166071517938
6.156531258274131
6.255601437249481
6.542406956312187
6.669038342372215
6.953510307861049
7.107167707442543
7.391410771161696
7.570494743880623
7.855199559291205
8.061194842533386
8.350389219360629
8.579981093241987
8.879299313271805
9.131328818760307
9.442445249969282
9.708783211137451
10.01271527277861
10.207914003250151
10.473457941482753
10.579463803051738
10.825294672658147
10.93443193261713
11.17501950677936
11.297452804027865
11.532422788940556
11.669294576986749
11.899539365131869
12.0495065603824
12.279633754242896
12.439494444148902
12.667271835805504
12.84137439726073
13.068379012538918
13.253953811707888
13.482026967323268
13.678376724231594
13.90896060385763
14.117064256974919
14.350262375122629
14.564615402389192
14.80338503036227
15.025990820086445
15.268415428591855
15.499236549244781
15.747851010462423
15.987434737053967
16.24119692383686
16.48183835486519
16.736668774221226
16.963449861675652
17.210271498481667
17.409566303299783
17.636736729853016
17.817656217161417
18.02972005454842
18.207425654398946
18.412406182686603
18.598838356430885
18.801544001655724
18.994233109947103
19.199206409776373
19.397666005490326
19.60621253096838
19.809817677337044
20.0220116662803
20.231036208508296
20.446193664075533
20.65968027396531
20.878382050598393
21.095716830284953
21.3168483645563
21.54030397118233
21.76539247968857
21.99232814031414
22.22088935889508
22.450574979159597
22.683464931524398
22.91479285418416
23.14937343651111
23.380306671997065
23.613048375769196
23.839861383625095
24.066652811275585
24.28566707848886
24.501909914823308
24.714911452363097
24.92144887551378
25.12871078422701
25.332621991413887
25.534608825693525
25.738631892651505
25.94138210185015
26.147174310528623
26.352092055836458
26.561020786148948
26.76958157094187
26.98107888890396
27.193710199333108
27.40837480007777
27.624426889430953
27.840870102913062
28.06033078078195
28.28005148508693
28.50271384309071
28.725332436108797
28.94934638790905
29.174506575457443
29.400001916580944
29.626003794130312
29.851476938344252
30.078855005506398
30.302646446060887
30.528594972462194
30.750150667655685
30.972619116514416
31.19313496398672
31.409640706113418
31.626679481711353
31.839299454825223
32.05189519434881
32.26180133277938
32.469530638631234
32.677779626962234
32.88480431394899
33.094273903310594
33.30236614498271
33.51331567408464
33.72464984598555
33.93704507321844
34.15090938948067
34.36624531693287
34.58188276999111
34.799374724591466
35.017485884276745
35.23697096788481
35.4575567430618
35.67856565138185
35.900858180990724
36.12179973839531
36.34586226522278
36.56752122417992
36.79089680104285
37.013209487330414
37.23572225854881
37.45775550927241
37.67838454566565
37.898863621426926
38.116115816079656
38.33386713406642
38.549804793077115
38.76439713231869
38.97907852910289
39.19176885315453
39.40445892299785
39.617636986424756
39.828745301217914
40.04127131951611
40.25372393020978
40.46583117217322
40.67901057794236
40.89172441032328
41.107140916219684
41.321375974271135
41.538502242668564
41.75429770077388
41.97236041439974
42.189906431186095
42.409897156447876
42.62858772275661
42.849785784996996
43.069209647504806
43.29105388570803
43.511167121818445
43.73294116302257
43.95348476480402
44.17482528102141
44.39602497532887
44.61461682210289
44.83443461298888
45.051071487694685
45.26891931940312
45.48397462029548
45.70001869386207
45.91496488970852
46.12938340868179
46.343884152740436
46.55854342472961
46.77170752618975
46.98699311063111
47.199877167652836
47.4152552858948
47.628734486500875
47.8438470071942
48.05871536884103
48.2738661648299
48.49062926880828
48.706391996196956
48.92471062612151
49.14110740981379
49.36069593075359
49.578637755104225
49.79910253495542
50.01850641974017
50.239057184409845
50.45905760099314
50.679707711225426
50.89973547002982
51.119454588284704
51.33918182854686
51.55793608925979
51.7757497497173
51.99337482146001
52.20959537765306
52.42587402733496
52.64225368531169
52.85758769902195
53.07310131367379
53.2876839368909
53.5030127318663
53.71724023498156
53.93291375509193
54.14667313436621
54.34390431822449
27.219531325379947
