W = 1.58489322662354
0.0
3.4388973900708626
2.6233725686135365
3.609403639859104
3.011858531684334
3.824571230974103
3.4090966528224604
4.095129884982234
3.823027845634453
4.4096871051318205
4.253434319235535
4.765838364592239
4.703565641922011
5.162022016808528
5.177173996323159
5.598727902454425
5.678496459325232
6.074595402755749
6.212528710083096
6.597691949423145
6.782267867134416
7.1668067811797025
7.395645967466896
7.783506049450615
8.057883438509954
8.450331372739381
8.769546217609234
9.175502933782935
9.540769423816242
9.9631616331822
10.366277170947408
10.806910474701851
11.172186481900935
11.555906199824182
11.780592489047699
12.102804401833597
12.320964376718637
12.635414037156679
12.871078307481307
13.188196749275603
13.440384672669195
13.760338313321613
14.03134713793234
14.353309980390858
14.641907279548823
14.971256098331136
15.275842175646178
15.612761728345337
15.933305590759835
16.280696627031688
16.61950168233028
16.978308081526258
17.33195420521976
17.699846332503206
18.059581890346326
18.434678445889524
18.777459613678303
19.13229797326337
19.440344931439167
19.765600625725547
20.05574336428749
20.359898953507837
20.64733618400194
20.949496594531386
21.242202597169708
21.55146356111524
21.852109934077646
22.167598444084202
22.47928831285804
22.80075884754158
23.122504404186966
23.45103174070511
23.78099687486489
24.117856284946818
24.455577830393725
24.800041669050405
25.146925518421373
25.493882771139415
25.840244239944724
26.18258048165635
26.52124113265027
26.85244942909244
27.17916153000878
27.503255451557862
27.814082092810732
28.126844702113292
28.433305240212867
28.740224206284243
29.048567652788343
29.358946745235347
29.67167094496573
29.985793913577044
30.304859891601364
30.62412150103768
30.950425182047695
31.275140868717198
31.609487718614087
31.939802506849755
32.27723419085631
32.61369237754711
32.952120582327396
33.287227891561436
33.62576223317138
33.9578217935528
34.29077051733347
34.62107104144377
34.94673296675442
35.27114102538751
35.59013901422954
35.90772646982487
36.22342621437507
36.53585532658004
36.851198771688615
37.16541308811069
37.483123209661
37.79988005903457
38.12030970951903
38.44235612382239
38.76736986039172
39.093980895271095
39.42314688737251
39.7553230913725
40.08700155791671
40.420376486009935
40.753668120538045
41.08674076892282
41.41910861869019
41.74870143854983
42.08032403688298
42.40653809127115
42.73457563277912
43.056781483874126
43.379758360841784
43.700937499943734
44.01916157071343
44.337698786108966
44.65559093006179
44.97309387022806
45.29257807196552
45.611934320135845
45.934584311368006
46.25705721106478
46.582770664052944
46.910257420029545
47.23863393477661
47.56814793280248
47.899621256526785
48.2307039929062
48.561430019014765
48.891086095902295
49.221110646490644
49.55009242825063
49.877342003911906
50.20393451149671
50.5294484052516
50.851242201868885
51.17713212537658
51.49705415722539
51.82132177093048
52.14011566529581
52.46282090984478
52.78217669797204
53.10490774283965
53.42624404028455
53.74917072541521
54.07378328781868
54.398294059453974
54.72540251582944
55.052998649006454
55.38140935752767
55.710506740165265
56.039930369598174
56.36850288089983
56.697815037252695
57.025143444790494
57.35393137033919
57.67943963120123
58.00610346781369
58.330394589433695
58.65482023914331
58.978304268088245
59.30079206935512
59.62402304764833
59.94636784690315
60.26907804128081
60.591329730173165
60.91435992188634
61.23800083065828
61.56250836094911
61.88700687382976
62.213048837768206
62.53956946007498
62.86637130182935
63.193499449136574
63.52215816677441
63.84910427921232
64.17781619837105
64.504798549014
64.83184929182701
65.15860511174844
65.48437320520873
65.80965803260915
66.1344118354565
66.45817130474326
66.7825575957568
67.1055983766467
67.42882431828008
67.7525656610982
68.07582465378236
68.40022888061979
68.72410305467328
69.04882989354698
69.37385136653253
69.69916330461207
70.02512465000775
70.35146666018176
70.67799216483954
71.00479042302453
71.33153860845266
71.65865691397124
71.98530585131066
72.31164558416535
72.63829519652784
72.96376211452959
73.28943086927586
73.61493223573362
73.93941741806755
74.26452816452984
74.58866157250883
74.91303078386258
75.23661308224135
75.56162352077764
75.88571807816332
76.21064697182008
76.53507312600264
76.86031150346106
77.18540773194913
77.51089441838593
77.83632660149816
78.16229343756073
78.48841577017618
78.81445938045417
79.14145498041135
79.46717702889197
79.7937513351924
80.11944546449253
80.44572477200421
80.76971544503334
81.06690419950661
81.27000594679215
40.66764698064463
