W = 0.5
0.0
2.3259471319246137
2.228055259215566
2.3928706779868802
2.2937419695068293
2.4613407254451642
2.3610965445694836
2.5315382182214377
2.430017691005644
2.6038715409220243
2.5007055569607206
2.678250700757242
2.5731796102836775
2.7547680408469075
2.6475420630757807
2.833592734105604
2.7241199399847447
2.9147053519716994
2.8027202560728703
2.998057296573755
2.883397763591189
3.0837361443686273
2.96615419158713
3.171915956735112
3.0512339718578083
3.2625631852174655
3.13836317976813
3.355830295173921
3.2281092725935254
3.4519972354340758
3.3201088295118857
3.5507568824062212
3.4146368378675382
3.6520526540841836
3.5117226451720533
3.7560028522945204
3.611345983566687
3.8626728958650975
3.7133553193771833
3.972317373994164
3.818375960722176
4.0850010216062635
3.926203199105437
4.200959144769766
4.036810580541665
4.320559396564543
4.15021690512814
4.4434322779276
4.266675802772692
4.56964635001065
4.386367361725196
4.699981270969436
4.5091772148170115
4.834716478902554
4.63543636322083
4.973062096237702
4.76517694809815
5.115596317299433
4.898398391716833
5.262534285865929
5.034649077469057
5.413316573639484
5.1743957124313615
5.5686222161970615
5.31786721795381
5.7284335618726265
5.464959243860384
5.893308236816486
5.6161304635737315
6.06311212920277
5.771636700949258
6.237492783406698
5.930761828461258
6.416479058473478
6.0944368671005975
6.600569235670518
6.262596511432745
6.790091058053588
6.435520609075734
6.985625767780943
6.612547952520258
7.186967712728409
6.793667391861573
7.393439439076266
6.979764366394301
7.605588299576998
7.169972072405807
7.821654611396404
7.364576118147755
8.039170063183244
7.564512513438588
8.247533256315572
7.769609175919764
8.424401988032232
7.979787633782244
8.570137216846744
8.193789347564165
8.69923285360348
8.407885563358402
8.82379315412486
8.612212537633752
8.947643429199255
8.799532524795248
9.07312893961485
8.957468274090731
9.200191025437558
9.091594510346667
9.328891806425858
9.219256022211955
9.459299372459162
9.347216414665269
9.591760900619187
9.476911215311157
9.725958493480206
9.60832651368688
9.861744226758205
9.741178941074125
9.999413737116562
9.875859392024122
10.139097527334789
10.012152494177059
10.280987616671073
10.150474651358927
10.42472154900553
10.290675746400312
10.570421628026143
10.432724635988158
10.718174248833536
10.576253901990759
10.868002559042703
10.722058086989158
11.019846647506325
10.869537030025837
11.173744136346036
11.018942502031583
11.32962936325932
11.170626955197958
11.48781079501808
11.324593316216955
11.64786545690966
11.480109866094358
11.810015703980415
11.63801374207345
11.974628780758891
11.797746327263855
12.141746926425673
11.959526269197223
12.310912719862376
12.123551684144557
12.482582231547033
12.289624446760248
12.656628653268395
12.45793679521348
12.832969996646082
12.62820448094627
13.011983293342064
12.800628783358757
13.193112641171648
12.974974982013324
13.376689564932926
13.151551254469847
13.56235132615851
13.330546629850115
13.746960584608454
13.511351325252384
13.929723595748701
13.694046136384634
14.108379965773599
13.878259023583535
14.280591190343262
14.063693596924995
14.443141490696014
14.249263273097304
14.596389655350212
14.431705592237979
14.7449693642239
14.608565461499115
14.889163000257383
14.779849565123884
15.029924137311195
14.942683663895124
15.16919763994463
15.09643712669562
15.309454882769373
15.243863955075103
15.450795510748959
15.387901445485337
15.593483418082235
15.531633040208698
15.737251173781411
15.675152173910137
15.882391601715893
15.819311507337154
16.0291863560163
15.964296127875688
16.177085242406307
16.110532256897226
16.326399750588344
16.258369157344433
16.477195082595046
16.407427361869324
16.62913804213579
16.557779634415017
16.782758938289433
16.709462076921625
16.93775830921638
16.86235601076801
17.09428936072338
17.016688836949864
17.252142055998
17.172517260260136
17.41140238892777
17.329586585163096
17.572053796236656
17.487952548455493
17.734014426812386
17.647627548346602
17.89779223373105
17.808438520664545
18.062710618881837
17.970835251920416
18.22917166927799
18.134743543430766
18.39724961905872
18.300123820360522
18.566565046748085
18.46709274453009
18.737283238257287
18.63519298640385
18.90931944706503
18.80486594785769
19.082232557627115
18.975719582942393
19.255921995570098
19.14799265495251
19.429089500571354
19.321611835757498
19.60104617129096
19.496280904663898
19.77172221230935
19.67190654593968
19.940854363988333
19.847810189973675
20.10762761176685
20.023043390803867
20.271625722872052
20.19639696294385
20.42187430680137
20.34677802770326
20.515989529637228
10.20129246777515
