W = 0
0.0
2.8123749988331377
2.0341632456495518
2.8796974242300077
2.068792043412698
2.94886953628725
2.103888291578662
3.0199529304964132
2.139453708196996
3.0930117433038355
2.175489822865895
3.168112779756113
2.211997968362114
3.245325648720142
2.248979272117167
3.3247229061947903
2.286434647543548
3.4063802072738643
2.3243647852173384
3.490376467361462
2.3627701439221935
3.576794033289418
2.4016509415617397
3.665718865038569
2.441007145947228
3.7572407288210967
2.480838465468014
3.851453402343174
2.5211443396536324
3.9484548931340786
2.5619239296357152
4.048347670900802
2.603176108521
4.1512389149476085
2.644899451683907
4.25724077778728
2.687092226991622
4.366470666165538
2.729752384972932
4.479051540826683
2.7728775489433493
4.595112236461782
2.816465005100588
4.7147878034069555
2.8605116926042085
4.838219872798581
2.905014193655308
4.965557047042848
2.9499687235911094
5.096955317625792
2.995371121012682
5.23257851247306
3.0412168379620184
5.372598775271055
3.087500930168092
5.517197079387188
3.1342180473807084
5.666563779271298
3.181362423811976
5.820899202495363
3.228927868707343
5.980414285889409
3.2769077570676997
6.08928275590088
3.325295020544011
6.13767001937705
3.374082138530433
6.186457137363526
3.4232611294777313
6.23563612831088
3.472823542453298
6.285198541286362
3.522760448974043
6.335135447807197
3.5730624351364235
6.38543743396965
3.6237195940743048
6.436094592907432
3.6747215187683726
6.48709651760147
3.7260572952395794
6.538432294072677
3.777715496152238
6.590090494985295
3.829684174858239
6.642059173691388
3.8819508599118215
6.69432585874505
3.934502550085116
6.746877548918113
3.9873257099143373
6.799700708747493
4.0404062658096045
6.852781264642657
4.0937296027568815
6.906104601590044
4.14728056164465
6.9596555604777
4.201043437246505
7.013418436079571
4.2550019768896625
7.067376975722879
4.309139379841311
7.121514378674417
4.363438297442297
7.17581329627531
4.4178808340193445
7.2302558328525155
4.472448548604542
7.284823547437599
4.527122457491105
7.339497456324303
4.581883037654273
7.394258036487376
4.63671023106402
7.449085229896996
4.691583449915948
7.503958448749202
4.746481582806408
7.558856581639632
4.801383001873828
7.613758000707052
4.856265570931143
7.668640569764429
4.911106654608479
7.7234816534417625
4.965883128526064
7.778258127359355
5.020571390514885
7.832946389347905
5.075147372900005
7.887522371733196
5.129586555861252
7.9419615546942
5.183863981880027
7.996238980713269
5.237954271284406
8.050329270117691
5.291831638895077
8.104206637728355
5.345469911778644
8.157844910611843
5.398842548108015
8.211217546941066
5.4519226571275174
8.26429765596081
5.504683020219198
8.317058019052496
5.557096113060091
8.36947111189328
5.609134128861325
8.421509127694602
5.660769002673501
8.473144001506645
5.711972436740226
8.524347435573182
5.762715926878995
8.575090925712177
5.81297078986528
8.625345788698539
5.862708191789387
8.675083190622649
5.91189917735653
8.724274176189432
5.960514700093001
8.772889698926237
6.008525653421344
8.820900652254563
6.055902902558915
8.868277901391952
6.102617317196071
8.914992316029311
6.1486398049046604
8.961014803737802
6.193941345220704
9.006316344053674
6.238493024347836
9.050868023180819
6.282266070420485
9.09464106925357
6.325231889263589
9.137606888096471
6.367362100582627
9.179737099415533
6.408628574516132
9.221003573349336
6.449003468478023
9.261378467311186
6.488459264215092
9.300834263048262
6.526968805004102
9.339343803837231
6.564505332908997
9.376880331742067
6.601042526017015
9.413417524850123
6.636554535572003
9.448929534405023
6.671016022920324
9.483391021753269
6.704402196183852
9.516777195016951
6.736688846575572
9.549063845408513
6.767852384267695
9.580227383100736
6.797869873729328
9.61024487256246
6.826719068443464
9.639094067276531
6.854378444916797
9.666753443749936
6.880827235898338
9.693202234731537
6.906045462717702
9.718420461550751
6.930013966662323
9.742388965495524
6.952714439310304
9.765089438143375
6.9741294517351555
9.786504450568238
6.994242482509324
9.806617481342423
7.0130379444256326
9.82541294325885
7.030501209867018
9.842876208700192
7.046618634751171
9.85899363358432
7.0613775809876245
9.87375257982061
7.074766437381077
9.887141436214176
7.086774638923144
9.89914963775635
7.097392684419074
9.909767683252118
7.106612152396712
9.91898715122986
7.114425715254864
9.926800714088053
7.12082715160867
9.933202150441625
7.125811356796333
9.938186355629462
7.1293743515188455
9.941749350351818
7.131513288584776
9.943888287417925
3.566113228871199
