W = 1.1
0.0
3.313194402849549
2.756042665789302
3.4634595113598046
2.969853100129237
3.6190700836008802
3.188436377383983
3.783855256737613
3.411038800703793
3.961563042879069
3.6410547426547306
4.151102647913211
3.876309619568781
4.3525246140911955
4.1185854991773105
4.563170412058575
4.370544942745809
4.788721005046457
4.633940084333198
5.028777779642574
4.911874698874826
5.283035470373695
5.201741903503545
5.551319914267092
5.503294554748523
5.838543847175411
5.8184289813956775
6.142318114947672
6.151804150917299
6.466569326087613
6.500528223101505
6.80661479152095
6.866568560706863
7.163205657577577
7.251000256642066
7.533520799633312
7.653903320686783
7.92521073340148
8.07711126042776
8.344638784121576
8.51718308640763
8.788429042344294
8.982604647953504
9.248065050625272
9.463859950478149
9.724618941612226
9.942148418966028
10.196477303424949
10.398208346879352
10.649942239088098
10.81916807212263
11.062914073839995
11.198949148349369
11.431477979461231
11.551926191566213
11.77613395485292
11.89354105644512
12.100418001993372
12.232891359495724
12.42755048032777
12.572377512705895
12.760759764068597
12.914213574939073
13.105632951371447
13.265632317047894
13.453450640776163
13.622052158019056
13.8112112292926
13.986236188388796
14.179424280342824
14.363901544373297
14.556257745761124
14.7500532851838
14.941781479310356
15.147696470083096
15.338109042158326
15.551335439158219
15.7431510649931
15.959757119818608
16.15574280291382
16.375918012858993
16.57522894520101
16.795822853271247
17.00433281199841
17.216716882143512
17.427913817582507
17.63057960822201
17.843821874288693
18.038416683871468
18.245652662249366
18.438201542271624
18.63936275249473
18.828234498388078
19.02124231667824
19.206866374014503
19.393603665155606
19.575219103129253
19.76168147362241
19.94190807482673
20.127254933820776
20.30597325996194
20.491318898144005
20.67387605983507
20.85845425513547
21.046483929640065
21.23234873829784
21.42155067809796
21.608695835439043
21.799631023243
21.991207730096875
22.18579068237986
22.379465430301934
22.57567693591955
22.772232894067063
22.97226910671779
23.167685666082694
23.37103567580812
23.570844927443144
23.77313858486374
23.977341266980833
24.18009637754305
24.38434378702124
24.58722829679873
24.789135229146012
24.991899032202916
25.191842493988005
25.394264051691362
25.59037387771716
25.793674102672625
25.987086662268002
26.189094613681835
26.37793972784394
26.57436990950937
26.76324681883701
26.956396262491246
27.14534705072714
27.33585442456193
27.525486273777204
27.711198020095583
27.90491213967174
28.08899445961067
28.282750687636586
28.46965633692155
28.66287216236042
28.85046633188042
29.043800801430084
29.233460210651504
29.427302440018774
29.621407748784943
29.812512124097076
30.010556769290314
30.202276483785962
30.399491254788586
30.5944069438742
30.79282174474671
30.989729002218507
31.190197706411
31.388840225325204
31.590684579822796
31.788230167236545
31.99184412617918
32.18614182653944
32.391051353265325
32.58329739605456
32.78953277904508
32.97869757517373
33.18498765631628
33.37335821608913
33.5760943931647
33.76533337319408
33.96397342134282
34.155690898718845
34.34779499131938
34.54442833311449
34.734079589785736
34.93257209318815
35.12044661251443
35.3202170870436
35.5058453189186
35.704943183616145
35.8898426403069
36.08670429934447
36.274334605658744
36.468566835733604
36.65890052358092
36.85115548354993
37.044769378833124
37.23791949068291
37.43312648818315
37.62505534774969
37.822878890762695
38.014692430476956
38.21417448794361
38.40478606722135
38.60688731028507
38.79802617338451
38.99855585658837
39.191955846467046
39.391951312555776
39.586638334755605
39.78657646769885
39.979367433111484
40.18048256358293
40.37310883819712
40.573781095402595
40.768535803138086
40.9663597353334
41.162300786788286
41.36057274077953
41.55372491314989
41.752972382349235
41.944781921901104
42.14126662317376
42.33574605580468
42.52846090856151
42.72422041630097
42.91669142506383
43.11005178828052
43.30364361314038
43.49565768702096
43.68992834837884
43.8806019035549
44.07588202734391
44.26609325484077
44.462018735717564
44.65209420401034
44.84728798179029
45.04002390684576
45.23480102617647
45.429003173289644
45.62300027542259
45.81808797944912
46.0118137985645
46.207768614249396
46.400765651669616
46.59806135046788
46.79267902375501
46.98933330571256
47.185498173813585
47.3822780448242
47.579101016621536
47.77422222713217
47.97428389693756
48.16771485296876
48.368329269485336
48.55968295057695
48.758000227904986
48.93808164427396
49.08296415010989
49.18834986196193
24.605954414718948
