W = 1.5
0.0
3.9965131218723826
3.0963561093969756
4.19985261359534
3.5122415875905926
4.440347011154194
3.9415437652192593
4.719090888812563
4.378984541039467
5.047037713612079
4.832365845040849
5.411810161712694
5.298125363909573
5.813460962248656
5.790143536442785
6.264936162065173
6.3046815976612915
6.762431328938648
6.844627642614354
7.30221305824934
7.425980978321116
7.891419720478224
8.046674564151186
8.528718640625245
8.72349239404493
9.19981642171858
9.448622049532757
9.930966007671033
10.223474905592036
10.673041409709835
10.988112907851427
11.41690059086895
11.739719133148578
12.109780123002245
12.43994042199327
12.766028000629614
13.068466574971561
13.37793381819577
13.664942238121919
13.954647699826003
14.239325901956008
14.532806774804687
14.825214421001789
15.117142397837346
15.42947813040362
15.729604603104145
16.05427953895125
16.371783532794357
16.70152388459075
17.033869223037946
17.361007190651968
17.714677904930156
18.03435675688495
18.39896982449957
18.72738468226544
19.082954762864254
19.410621597603654
19.768000264269425
20.09077067188918
20.434295238827243
20.757419709845713
21.085164681065134
21.401403865650963
21.730095484855195
22.040039247335805
22.36130007228075
22.674563019807653
22.994068982181155
23.313488074077256
23.6323169695963
23.95779248929705
24.272584631058507
24.595855497593142
24.915466050714752
25.243618886792078
25.56472356739334
25.898088546958103
26.228935251281147
26.557085095667638
26.888141745793764
27.222128881808256
27.553303551691158
27.8904834936865
28.21867777945595
28.557128904485115
28.88191165365412
29.217266103670568
29.541248933237966
29.86938781520128
30.19217889648795
30.513730279130925
30.83781868950588
31.157204063075202
31.481224842348187
31.804933945724606
32.12771769028056
32.4492222751136
32.772405004475225
33.09707485107102
33.42760593958887
33.75249614243716
34.08355403951994
34.4135626974993
34.747932824344794
35.07035480348138
35.40821352614935
35.73241272919809
36.066766518446755
36.39237100719638
36.72399684468686
37.05180142904833
37.379025975811835
37.704697528361905
38.02938728048337
38.35864468385494
38.68032365285783
39.01036222469819
39.33059566706453
39.65710488075363
39.98034194080749
40.30370577958593
40.632275014527934
40.95532115249473
41.28402445284713
41.609773358118275
41.93897338796157
42.266157550185724
42.595414829433246
42.92350400343366
43.25270397327768
43.582097762359055
43.90894543362169
44.239058301031335
44.564951469795304
44.89490780792635
45.22203395079268
45.54963940475945
45.87545189307951
46.203020053610125
46.52669734225443
46.85641028311605
47.178396315824784
47.50700891644937
47.83068246450138
48.15956087597842
48.48131181970451
48.81374974311398
49.133758909790735
49.466166241986336
49.78923139989058
50.11959989309873
50.44207381069804
50.7750789869114
51.0989795698529
51.43252299547501
51.75562574857186
52.08876969386065
52.414773035905334
52.74400204391901
53.070687704485856
53.40035234608785
53.72474933352897
54.056516392028286
54.37984919115159
54.709238091086775
55.03143244914727
55.359923589266174
55.686548505569725
56.01361484398395
56.34042616610213
56.66773810506257
56.99429463217777
57.32138998024787
57.649649343774016
57.977483168687385
58.30419134171179
58.6351637268676
58.96046377429086
59.28997231723677
59.61587353715773
59.944537585903554
60.27339146224826
60.59907272780167
60.9295072975283
61.25433147205185
61.583089483692255
61.91084417049208
62.236865948217584
62.56493201024215
62.892312456480454
63.21895637131298
63.545732627121765
63.8736856802955
64.19957006559177
64.52635116121017
64.853957258763
65.18119642653414
65.509213570939
65.83607303029176
66.16434733272807
66.49053983879392
66.8196582193783
67.14661639865595
67.47657263949628
67.80212442750678
68.13223959994592
68.45799645326728
68.78750214705063
69.11444261665346
69.44251697697628
69.76998943620467
70.09727695802245
70.42418058573801
70.75278983132752
71.07957498592134
71.40792755261594
71.73403905206085
72.06179218088455
72.3894670149641
72.71686487740469
73.04403569785318
73.37151341177791
73.69895613886438
74.02642541672755
74.35365997813082
74.68138404876333
75.00901191619536
75.33613564297683
75.66377519435075
75.99135768454694
76.31898197523948
76.64678099781231
76.97385764411601
77.30154896776295
77.62861650055588
77.95664356554136
78.28357001215642
78.61145568320045
78.93823080267177
79.26637594533949
79.59323694129854
79.92122687064597
80.24537129436209
80.55768400874216
80.86212742101563
81.10050576470991
81.30246229425244
81.4724964130209
81.59553559938524
81.6939877702755
40.86364683153684
