W = 1.4
0.0
3.7378845339302114
2.9062233894879905
3.9280440746262535
3.25149769079483
4.136779520208211
3.601475333099492
4.374842893484167
3.957971563746557
4.644868730526698
4.32600482697963
4.942244197576506
4.714381679090607
5.277353038677876
5.125306680880802
5.6405465463041535
5.559220646641074
6.046882486078728
6.016192389331931
6.490823370586684
6.503653311594525
6.964446136934674
7.026157686603677
7.475666729666525
7.577787935721141
8.017443568153086
8.165970502676897
8.598244899209925
8.804402201042183
9.215054970034727
9.467961558497603
9.867317009781564
10.144399019614365
10.519425468592177
10.803192590944684
11.153709320525673
11.420759264064513
11.728900919071219
11.969756127538998
12.255511149520567
12.48520353192357
12.74944215541295
12.977375164434147
13.241899448648349
13.482900886461028
13.743871272443196
13.996027182181686
14.256312957391895
14.522134366256015
14.789576344647099
15.062313809529785
15.338637407153412
15.622972389739637
15.905196343824615
16.195727295020497
16.479240745028704
16.76862790288274
17.060051621951956
17.356426769309483
17.654456958286556
17.95555603682534
18.248524866066052
18.547650936908518
18.836367370452376
19.132836556033748
19.412387608436305
19.703210835027633
19.98263688254132
20.261013148538915
20.537792895805527
20.80515957373329
21.07853441387737
21.34443375241741
21.612065855114338
21.88140876789681
22.14836560221703
22.418483592809356
22.69397534724972
22.964120642784348
23.243828800465995
23.51525880064898
23.802002320013987
24.07409653659431
24.364838994082383
24.63826088103182
24.931344945037562
25.208842600086786
25.500580328511145
25.78748704319924
26.07806891922307
26.36615544588713
26.656015755175275
26.938626641263273
27.228599464151312
27.511770766707865
27.795589198026107
28.08085454652242
28.36040831415126
28.63714461428353
28.919600829205688
29.187554716749
29.474852160975047
29.740767849660884
30.02250343644838
30.28995278979167
30.57003164454366
30.841083409190126
31.121131860598844
31.395413711934125
31.675851323998472
31.952458292080518
32.23256788135021
32.5147115246219
32.79606163760394
33.083088630568085
33.36371147170847
33.65119356170975
33.93386076326487
34.22346778609752
34.50636422776565
34.79563275706565
35.077877284396926
35.36410917321558
35.644015434099856
35.93154192324769
36.208967651883945
36.49408476008307
36.770141090877814
37.05170752063177
37.32820548429027
37.61147818717561
37.88647067797236
38.165644421072166
38.44178264302043
38.72154354549284
38.99875625955545
39.28125689906312
39.55528415160984
39.84034871350235
40.11545290495874
40.401158614724835
40.677119591549356
40.96677064528887
41.24234635533351
41.531047856469314
41.808075262429554
42.09776264548202
42.378600406293
42.66485565415991
42.94593377593457
43.22971511019427
43.51163586806051
43.79313450093406
44.07568372968359
44.356979617282576
44.6395520205659
44.919221137293505
45.20074529082314
45.478014432701144
45.76193359446996
46.03765728033505
46.320243703724735
46.59532769666626
46.88067881387452
47.15535705339978
47.441119551953506
47.715022774961625
48.00120758333863
48.27730123843075
48.562986919124135
48.84181476103095
49.126452782844794
49.405423264071125
49.691589025208685
49.97039877937024
50.25796168146195
50.53654600705582
50.82323335626074
51.10237702588743
51.386922103533976
51.66907623231025
51.951328644584
52.235776628101924
52.51524924838977
52.798338150103135
53.076815460512734
53.358828824072226
53.63808910192232
53.91801057907352
54.19809325771896
54.477039267063034
54.759936841442276
55.037896082517676
55.32075521668112
55.59785254140962
55.881470367274844
56.15784767932957
56.44041649316273
56.72069665001709
57.00477769009532
57.28448639020735
57.56925914529031
57.84849444754086
58.13308202301521
58.41344884753525
58.6972519355413
58.97911988818694
59.26166987446727
59.5444376580199
59.826579481189185
60.10935627343373
60.39145920003701
60.67394229834962
60.9550722792628
61.235496603590825
61.51889284172614
61.797172250271096
62.07992408798889
62.35865137025732
62.63926147186425
62.920669316614536
63.19959864516516
63.481465693656055
63.76054874848936
64.04201863701486
64.31965040952403
64.60299385048401
64.88111419159037
65.16518316881294
65.4447006460681
65.72818529720602
66.007873138853
66.29190694103306
66.5725053083024
66.85544483435852
67.13683229582473
67.42034133891059
67.70046234596137
67.98626632009537
68.26476261042157
68.55044971910787
68.8280390135139
69.11268816918819
69.39125467433654
69.67562964553905
69.9514325526033
70.2206781622937
70.46105191460715
70.63416971259781
70.723163558232
35.37858633637155
