W = 1.0
0.0
3.0163963431244687
2.5594006236999594
3.143242795356107
2.729574241383994
3.274796471255057
2.902217471006684
3.412844414223084
3.0808944324597918
3.5595063891063417
3.2650926363493493
3.713945964460198
3.454305151394352
3.876752299337384
3.6511878275410905
4.051446864513168
3.8539101538137084
4.238099407576152
4.066293906086993
4.434790218248663
4.288017587411845
4.641285085344117
4.520058871846018
4.860227377330339
4.763684232454109
5.090646431564872
5.0165045331897336
5.33374469747231
5.27887879111933
5.588187371732457
5.553008740818384
5.853477703536299
5.836543018905535
6.131247026854529
6.134178356387374
6.428442131115098
6.452291710219217
6.740261787045286
6.782561214536591
7.066615385490621
7.127364115024016
7.409270683837311
7.486957247436298
7.770845697058888
7.867979374065045
8.14716065330779
8.262969536487608
8.543849099081173
8.673047874692262
8.95646769986264
9.100370677985287
9.374497549651032
9.51752044626697
9.77970735001194
9.9083235170902
10.152588579044485
10.258483607430225
10.476310823600274
10.576706526643031
10.771994925233285
10.866404437966292
11.053985692861833
11.148119773833388
11.331610772260287
11.43228752671544
11.611035592109202
11.71752792789058
11.896334780430594
12.007277811681334
12.187942136086443
12.306013779123697
12.486517277327389
12.609594261699241
12.789682536119923
12.922092065760031
13.102586578659613
13.242822513011408
13.42411162732756
13.568767336349566
13.750213226335083
13.901375058516981
14.086824312653919
14.242676984391764
14.432520545326147
14.59102972608801
14.785887817539392
14.949148586986299
15.145505537492273
15.313359229212496
15.512248393929045
15.679140518820095
15.883643730536296
16.04860471624357
16.250849607064097
16.41713707687656
16.608567944407397
16.768911060983132
16.955796671746416
17.11068828258199
17.292805951078854
17.44406328469711
17.621375324361882
17.77058553771735
17.937967844643993
18.085969713713503
18.24732875590685
18.39571380776097
18.553353790365325
18.70374290413187
18.859323191097562
19.0130716142779
19.169260694943304
19.325686414553438
19.482072024727803
19.64252022771639
19.799269024883348
19.963641826582787
20.12333135626343
20.2891877515522
20.45199698257902
20.61938634399861
20.785405311305606
20.956618098287915
21.125235945196312
21.299032183656287
21.468834444527765
21.64524548073368
21.816459107326807
21.99335851768265
22.16563732188786
22.341500853077726
22.515310259371667
22.69149580571017
22.862285380781604
23.04145892503598
23.208657543690123
23.389106667978066
23.55283888908641
23.730569046981223
23.891472057557866
24.06598640210527
24.224662636022213
24.39670961578919
24.554935319275526
24.722602612679587
24.883245521284888
25.045688601232285
25.204572500441977
25.36907260780101
25.52411801419453
25.688867772808525
25.84308372458555
26.01050472160791
26.163791971111863
26.33396694797122
26.48768188078298
26.65821377801919
26.815025103584354
26.984630395045574
27.146623196579498
27.31450644802378
27.47978218825505
27.64769662763775
27.81501333147
27.984234782713177
28.152938013672802
28.3242116537624
28.492480626562923
28.664498385737925
28.833769049505793
29.007473852906656
29.17380302227184
29.34858513448747
29.51549308186449
29.689853920881827
29.857033304298934
30.028074380507388
30.1977861806196
30.3662382899168
30.536344904378034
30.703750951492882
30.874536725642297
31.0401851027364
31.209273840328
31.37425992025709
31.540999506791643
31.705151684443923
31.869245920831077
32.03443267479695
32.195610607793974
32.361119765497314
32.52041426528125
32.68626719631099
32.84655086378525
33.01184455865145
33.17407096412771
33.33863882937988
33.503080361657844
33.66662970448581
33.83276605972291
33.99623189905156
34.16532715926449
34.32830689525657
34.49873177065051
34.66323878547774
34.83451040356193
34.999894861815875
35.17171110985138
35.33831630688181
35.51011887458128
35.677022371341316
35.84796216848743
36.016399727168746
36.18671283234139
36.354027837443
36.52475326354951
36.69194032770098
36.86291671859592
37.029974138915556
37.2003190218195
37.36603690358611
37.53558649607909
37.70122967990465
37.86917212424188
38.03449414119923
38.20048865845459
38.36585851435753
38.531696602028916
38.69612317712331
38.86176823970732
39.02580487996867
39.19223833210619
39.3553814966672
39.52175099296946
39.68591016697398
39.85071692065749
40.01638909074239
40.180184294455195
40.34542138797559
40.51205689486528
40.67649995716657
40.84426798647791
41.00910493419512
41.177001901609714
41.34254316784905
41.511982020121486
41.6774375615675
41.83958203687335
41.96442028962284
42.0394396331149
21.038451475392822
