W = 0.7
0.0
2.4326994648483846
2.2842842763346076
2.5162931227540644
2.3763971101511383
2.602237729234517
2.4710532847990216
2.6910758484084774
2.5683346472438804
2.782586674973831
2.6682934924914243
2.8769886345626388
2.7712316512773896
2.9748093891405127
2.876810231300644
3.0754659295073417
2.9855790099383
3.1796412726839782
3.0972523996003187
3.2882687754625324
3.2130784924969897
3.4014040047629552
3.3331435854467233
3.5186141471665513
3.4568448268048817
3.6394069893318592
3.584236833807323
3.7644096696484213
3.7155910498517093
3.894049363334663
3.851996701103282
4.028107429392188
3.99262273141107
4.166373181714982
4.137987591742693
4.30994168857512
4.288621427013068
4.458552386613964
4.444570045797357
4.612359336209994
4.605101601131087
4.772237466402689
4.7713515458200275
4.937791563743393
4.943698400638035
5.109344539938777
5.121552002021946
5.287461819896004
5.304960729872504
5.471504613881033
5.493842533058354
5.662646958058112
5.688655778965519
5.860305277649185
5.889893711636905
6.064238209175941
6.098361300581963
6.275496254520064
6.315170749475883
6.4944975467775174
6.538278937592966
6.721497809168734
6.76859059256832
6.956701955490379
7.007081960988303
7.2003906889733855
7.253191768913005
7.45322190443144
7.508285059155017
7.714310375865331
7.772572657142873
7.984654121521018
8.046123808255684
8.261311570032753
8.326174027709706
8.527924789545521
8.598917070940685
8.770417356272404
8.839893212364686
8.982056754833536
9.043758676179722
9.163748615240998
9.22438859224882
9.329260828749439
9.394780973336522
9.493063238387986
9.561452765534922
9.658812193239761
9.73016552665475
9.828027430651305
9.900915377482761
10.00027521970166
10.074186181287317
10.175170764054723
10.25076996164678
10.352988981248853
10.431378386048078
10.533499558323067
10.614820280128038
10.716869898446877
10.801171158770876
10.904221973872486
10.990515291643687
11.094914824652479
11.182981767719804
11.289016243782928
11.37884955217672
11.487279514429506
11.57816260753666
11.688836137509655
11.781401462706778
11.89334659435835
11.988305248493935
12.101277726335544
12.19875041748013
12.312429861490825
12.411583730416718
12.527166672742231
12.628724086025917
12.74548866351538
12.84934525719889
12.967293853482046
13.073217171769947
13.19299930750438
13.301603343635508
13.422378009074409
13.532881829457176
13.656105302177444
13.766087469030236
13.890071665624808
13.9990496856899
14.124045201311805
14.232130130895422
14.355443349541957
14.462579866576505
14.580834268395085
14.687641353071943
14.79827277244008
14.905007718245232
15.006300245721292
15.114569196474406
15.206423568343897
15.314806483929772
15.40214133739484
15.51013960748724
15.594064176288242
15.70051203218224
15.784269599253815
15.887337236168497
15.97292055934902
16.073621964993507
16.16237716906832
16.26206225371711
16.353261985005698
16.45267506062156
16.54632015631693
16.64558957329107
16.740846647344924
16.841184151621018
16.93820287468201
17.038939584362502
17.13602081240378
17.238442724160688
17.335727775947674
17.440016142441962
17.537451677931834
17.64456583963128
17.742470933821064
17.850940396035355
17.949504542801296
18.058250887570527
18.1586705162002
18.268684141455143
18.369742048331112
18.48084494260902
18.582950668889346
18.69524377471584
18.79852808576795
18.91231292404693
19.016157493916914
19.130976303453956
19.23596486594155
19.35132439292391
19.457706428112026
19.571805513710895
19.679482943722725
19.793047665032013
19.90139534381543
20.013952943790258
20.123058915221346
20.23371251060326
20.341914596688248
20.451498490486813
20.557546721828814
20.66729520313165
20.76882036559945
20.879957126045497
20.978514990868273
21.087927482319444
21.185589581901276
21.291944676014218
21.389683822126408
21.49413629294953
21.590425183143847
21.69446397954221
21.78985833084426
21.893378591797696
21.988406465071357
22.091338723931322
22.185247725493163
22.288155130022055
22.383165118724893
22.485564276919156
22.58221834521561
22.684120116044113
22.78173809858835
22.883715022991176
22.982141991068712
23.085232431749912
23.184068340242185
23.28900605286222
23.38761127729911
23.4943713772835
23.593502643441756
23.700652608813435
23.80073323480588
23.90815458130974
24.009396493225758
24.11783661864234
24.219994106754243
24.328807075353502
24.431489275927014
24.541166356705627
24.64411766355455
24.75423422507317
24.85743412705867
24.968350868462288
25.071221449604014
25.183084042404506
25.28594030360807
25.399012126651034
25.501744916417376
25.614427682420985
25.718127182416218
25.828963939536575
25.93344515254068
26.040136213091046
26.133060145275202
26.228622733202098
26.269377674560875
13.163781884148179
