W = 0.8
0.0
2.735456391004956
2.4711334201612596
2.8370831307446225
2.5921705107795914
2.9412160645158885
2.715704445433985
3.0496311635553153
2.843101346921344
3.160976298750643
2.973615273633971
3.2773227084810217
3.1072150038028004
3.3988561605904994
3.24488736023025
3.525207401390789
3.3873152037315233
3.6562737765755187
3.534057628833372
3.7930467403172408
3.686418445912985
3.9355211325825463
3.842693912656091
4.084608122723684
4.005087082397963
4.239088122474113
4.172485615409283
4.3994127700992856
4.347050082725356
4.567345619841455
4.528261677062061
4.741808556076371
4.714877358140011
4.924655774979638
4.9090110259485025
5.114689882616397
5.108663224886975
5.31350574403475
5.315817615775039
5.521189970489361
5.531181225546787
5.737849330675215
5.754912019269033
5.963566220453059
5.986530473410593
6.197176729705913
6.225783233379751
6.439427266596214
6.4732559624716925
6.693479873190491
6.732040372327628
6.960149669220648
7.000807468639776
7.2373156473633244
7.279749975584435
7.526726136207752
7.5702078758072515
7.827185278428473
7.873203486367296
8.13785165814517
8.187670308126656
8.460465546955499
8.513489764087195
8.795646910580727
8.846125744140453
9.132193946447241
9.179602137686052
9.443127689812364
9.49876189809752
9.71368146559019
9.774337037361635
9.946036190546968
10.011980767829442
10.159353212690169
10.229071434025263
10.36598258959505
10.43739129357438
10.570939494735354
10.645146468223754
10.780017061437132
10.857386514901945
10.991292705086702
11.07359471972447
11.207848306553768
11.294604562865057
11.428023542538327
11.520257073313159
11.652138503796262
11.748323878967701
11.880540426122026
11.980731314392434
12.11473460545262
12.218289815292476
12.353289175987964
12.460224837081773
12.596104047670385
12.705965042098473
12.845271148727612
12.956907313566381
13.099672180685571
13.21323673939631
13.356557771938782
13.472428931314845
13.618893025450749
13.737129697873108
13.887335967816757
14.007006174277695
14.160939617352975
14.281292193345072
14.440003324196512
14.561696742263457
14.72319090289043
14.845836112062841
15.011523017646871
15.134405624907545
15.30268169764993
15.424787014572424
15.591119546777014
15.712429360721506
15.871404491394575
15.990255889104596
16.14110264068179
16.25821256747288
16.400700430267378
16.513667175296465
16.64841289676715
16.75897967228243
16.887692850912856
16.99587230496307
17.119070558484516
17.22922171730113
17.3511156425635
17.461349553207167
17.582648615897014
17.693623363173106
17.81632988135002
17.92938890842663
18.051769081691358
18.166423961775987
18.28951093028368
18.405943576343077
18.529711415989592
18.647591743611706
18.77200132931458
18.89271630476441
19.017688022933605
19.139729114129114
19.26704714458658
19.391761184374868
19.519145493694996
19.647336082146825
19.774680428541398
19.90589956938017
20.03263449079348
20.166561714437265
20.293363938299088
20.429549924614346
20.55686964104825
20.695138126572253
20.823752911106535
20.963598738087626
21.093523917031657
21.23527258179298
21.365603440309652
21.508035113764375
21.639047556214347
21.781752568106253
21.91110556433917
22.052963042333797
22.1803989656562
22.321081340152745
22.446773647174275
22.585578850862802
22.708281470965115
22.843134204059943
22.965013396100947
23.09463305120677
23.216985601221783
23.342886063814703
23.465917884289
23.589169196825253
23.71190962887568
23.833650809972315
23.955978596435866
24.077062426252564
24.199528700955852
24.320170147882855
24.443431325973037
24.563336689594312
24.687559552701824
24.80725482542087
24.93206836469879
25.052645697364856
25.17819474187417
25.29902760400825
25.426260541869244
25.54751381034493
25.675978128535633
25.798345083408613
25.92677923948011
26.051496641846835
26.180927994527757
26.307754144173355
26.437144037314788
26.565774360649456
26.69491695609988
26.826531892329566
26.955112817877627
27.087978317501076
27.21706180339073
27.35088305902855
27.480148168154326
27.61514355844748
27.74474920573856
27.88049971406686
28.01090272572947
28.146222965220318
28.276492113353328
28.41094185239223
28.54109774499706
28.67425691258668
28.804125367864632
28.936643566201898
29.06568334846841
29.19703734117025
29.325162748257085
29.454214681739114
29.581840476187427
29.708593927820225
29.835040029346366
29.96071018397119
30.086730442851675
30.210293750165608
30.33615269083011
30.459165843656073
30.5837758575704
30.707001030623257
30.83062791771332
30.953845675615838
31.077291314976293
31.2010709864624
31.325163855106272
31.448825315878942
31.573609311437338
31.697045266958444
31.82174700535616
31.932906719161576
32.045561887869454
32.12649011572307
32.19649961063716
16.10983303209888
