W = 0.1
0.0
2.7158955659964445
2.043697488754847
2.7810143852011517
2.0799672579078003
2.847899148353967
2.1167597990377574
2.916608159142221
2.1540815271242937
2.9871970364067177
2.191933644143621
3.05972160965483
2.230317720612098
3.1342565136079603
2.269240083793579
3.210860875785821
2.3087016500014212
3.28960585843606
2.3487013823721274
3.3705671351804
2.3892427851512696
3.4538177148064206
2.4303296088838735
3.53943887143606
2.471962512512391
3.6275105107477867
2.5141407389281594
3.7181148930445933
2.5568674597122527
3.811343043571563
2.600144241222283
3.907288724427319
2.6439708202180974
4.006046881924405
2.6883468790566
4.107706918543827
2.733271011205101
4.21237648445962
2.778740090887033
4.320172225282362
2.824750845522989
4.431214962597808
2.8713091376107522
4.545612344103997
2.9184073563911808
4.663503503031528
2.966048165321028
4.785017824061616
3.0142269069865337
4.910286602142901
3.0629357742168946
5.0394586073083625
3.1121703809215737
5.17267758368942
3.161930871362988
5.3100999176492385
3.21221279471832
5.451904220556356
3.2630125080353523
5.598260010048788
3.3143251628868873
5.749339044786055
3.3661433239910497
5.9053536446048485
3.4184567018820515
6.066491344287667
3.4712660114572924
6.183788466014165
3.5245612981091297
6.237034547123805
3.578333200721336
6.290773784426562
3.6325746408703106
6.344975449565751
3.687275494466297
6.399629958847655
3.7424311359084927
6.45471827348173
3.7980214890637036
6.510240175527028
3.854040852204398
6.5661942568101415
3.9104736382003336
6.622583088328438
3.967301971458794
6.679390477105362
4.024514657222577
6.736568604581522
4.08209854455073
6.794139183771611
4.140048373629782
6.852057867441039
4.19835446549978
6.910320754118372
4.256989321490469
6.968866549111667
4.315935886883259
7.027719073889438
4.375188914140927
7.0868867367637245
4.434723421376011
7.146316193594529
4.494528597732731
7.206026151222501
4.554575476874478
7.26598355214351
4.614841080143084
7.3261690180156
4.6753221978934425
7.386577244663432
4.735981266872677
7.447156456027146
4.796806794690339
7.507896831967281
4.857766019406236
7.568788071288636
4.918830890838656
7.6297464993246145
4.979992837008318
7.6908125444697255
5.041223501731954
7.7519423388473925
5.102499999385501
7.81314150686623
5.163799730060561
7.874389919739966
5.22509481038036
7.935616973379811
5.286349121626311
7.996809202483903
5.347546687429084
8.05794698995411
5.408671284628548
8.118996693750706
5.46967005238373
8.179923455524252
5.530523954152378
8.24070680097249
5.591201205602085
8.301353014934286
5.651680136274422
8.361775649994291
5.711923760159058
8.421948045567495
5.771909509570693
8.481846417602885
5.831593901818911
8.541457631171863
5.890929685002347
8.600725320141072
5.949901458847333
8.659646076532413
6.008467073792036
8.718194322144074
6.066613557248132
8.776338719731969
6.124275155731285
8.834001473952956
6.1814399013174945
8.89112758927503
6.238079094411578
8.947721316722383
6.294165350826602
9.003739536419687
6.34965181463596
9.059152053066347
6.404493269162239
9.113947999373204
6.458655185024113
9.168058911684659
6.512103801506981
9.221504372365825
6.5647826603446635
9.27417738919883
6.6166677116332355
9.326021925518237
6.667727415441784
9.377017804484048
6.717941775604565
9.427217935858996
6.76726132299189
9.476481599204238
6.81567430301866
9.5248411419633
6.863136910459068
9.57223544651939
6.909619473442686
9.61865153947806
6.955079810693705
9.664027551162231
6.999473660402417
9.708367723285052
7.042782538362695
9.751639721679101
7.084943916905302
9.793788979178746
7.125932682967367
9.834792313435917
7.165739055339219
9.87461635861956
7.204337690648098
9.913202353110943
7.241687579591419
9.950540302401073
7.277760213451568
9.986604514045313
7.31251850053468
10.02137132939975
7.345951234396292
10.054830820627755
7.378027330579062
10.086892030793248
7.408739217921848
10.117547647728545
7.438014028249573
10.146723038694123
7.465859310379034
10.174454491298599
7.492253860363209
10.200715708310963
7.5171625259841095
10.225574603120952
7.5405872938491925
10.24894317813603
7.562469007455804
10.270735143307768
7.5827979561181325
10.290982113725592
7.601569534642058
10.3096270529279
7.618769979725259
10.326654004655607
7.634361798754587
10.341992844430166
7.64835709970329
10.355672063883159
7.6607333056134745
10.367701718451775
7.67146638502511
10.37808069950972
7.680568228562422
10.386797655793773
7.688033346015423
10.393773064857903
7.693865192008771
10.399056039347826
7.698018890870522
10.402582245109484
7.700512981052487
10.404388646280184
3.850679921415503
