W = 0.2
0.0
2.517193518452829
2.066138233026268
2.5782583811582342
2.1067469910705268
2.640936607463123
2.1480545901031545
2.7052920876281665
2.1900661826934122
2.7713665470708064
2.2327756782338533
2.8391705021072844
2.2762009045507563
2.9087781479157626
2.320344065394424
2.9802589855387467
2.365211111531207
3.053681616326509
2.410819879492283
3.1291067201509066
2.4571817207226245
3.2065759106901814
2.504297626627837
3.286168208283322
2.552168807520771
3.367913183056292
2.6008076814586487
3.451901072420443
2.650225609154175
3.538204372876878
2.7004160011446747
3.6268664044561234
2.7513833745387144
3.7179898709989887
2.803135148714127
3.811666055477917
2.8556795315752677
3.907982972770608
2.9090210438309314
4.007030699598812
2.9631593254046327
4.108900447474987
3.018090393521243
4.213688606409637
3.073823720911267
4.321478270801431
3.130371166908476
4.432360196381068
3.1877209467451375
4.546434437407225
3.24590435667017
4.663812123964935
3.304872856452422
4.784640193364962
3.3646463353330676
4.909030126920207
3.4252176502726384
5.037075148865314
3.4866088854239736
5.168917179025018
3.548786565308441
5.304736397320169
3.6117859475335803
5.444638038483113
3.6755933496917286
5.58871359125895
3.7402343097937267
5.737153269456658
3.8056814117650775
5.890148082359898
3.871900749747372
6.047876549388079
3.938914456315914
6.21044556566307
4.006740489801612
6.37778274810305
4.075322348798061
6.533557181072014
4.144655058701973
6.6261986166475495
4.214757591524731
6.693046957456756
4.2856261523523616
6.760381691337894
4.357255171201301
6.828241692988505
4.429618118200728
6.896675455905655
4.502713260897876
6.965606051984942
4.576522678220082
7.035122314892828
4.651032120185201
7.105242157064997
4.726247145979759
7.175925295701813
4.802109149348575
7.247134832471878
4.878634392161607
7.318869683717312
4.955795364409762
7.391157446151709
5.033546500228072
7.463978670569354
5.111879632380552
7.537343596929438
5.190748949633336
7.611152541304577
5.270146267550058
7.6854915126643055
5.350051245796644
7.760402647717744
5.43044321390668
7.8357923245513135
5.511276158749209
7.911691492797916
5.592560083496168
7.9879921656347
5.674225690569863
8.064774487733303
5.756280080989846
8.142092693212968
5.838604813896163
8.219797970819009
5.921295419959228
8.297985725137169
6.0042643322350235
8.376571786326277
6.087482894932776
8.455506491591914
6.170889872928691
8.534836873557675
6.254441005837347
8.614581559042733
6.338164118738054
8.694698432951046
6.421928906071497
8.775174935547447
6.505744517611236
8.8559538003536
6.5895349409638655
8.937093646451379
6.673308261817077
9.018567557351188
6.756963000812709
9.100378952676067
6.840426939600768
9.1824424830499
6.9236773959125495
9.264767807417185
7.0066680934497745
9.347303124064519
7.089335094917348
9.430094096817482
7.171704208783894
9.5130027546209
7.253688222722081
9.595970840386764
7.335195745801844
9.679062229057152
7.416194831695825
9.76224213507624
7.496579698282626
9.845519211198141
7.576355714872357
9.928863952063349
7.6555081390682505
10.012113962709668
7.733818500539759
10.095346963021337
7.811395796789221
10.17844809968552
7.888113606151624
10.261357466187464
7.963738150146266
10.343928487478486
8.038396545352686
10.42628972077259
8.112062199321219
10.50827976875726
8.184712115927589
10.589818706786602
8.256327604634167
10.670547233599539
8.326704869526692
10.750171609539901
8.395903387554084
10.8285422633369
8.463702695094439
10.905719299483962
8.530154180807127
10.981175518493389
8.595210790109947
11.054545495217813
8.658643345248205
11.125852921479112
8.720497725721339
11.194516743517532
8.780797951541366
11.260378314066818
8.839370952912855
11.323369522118098
8.896194096141818
11.383295052920747
8.95116260628668
11.440661977580291
9.00426976726476
11.495168085858522
9.055334786236456
11.546862644169305
9.104350789579419
11.59651633131204
9.151255301049606
11.64401658657245
9.196122870499376
11.689274366223673
9.238738535133608
11.73206831677042
9.279187460591885
11.77237432970682
9.317514665632249
11.810645179648473
9.353623133096548
11.84621206893871
9.387386628234186
11.879310178781562
9.418885612020054
11.910528447028728
9.44798920418228
11.93945178620679
9.47478091771461
11.965658800299371
9.499211302742209
11.989053527063245
9.521137755160513
12.009800363015064
9.540568602200887
12.027918328572804
9.55734587734339
12.043349139078849
9.571553585784265
12.05605416469418
9.58311467243051
12.066331825718109
9.592197885000152
12.073791855865167
9.598768715839743
12.079129574377431
9.60265492834417
12.08163785725073
4.80197002185171
