W = 1.2
0.0
3.986276412921675
3.247913029694659
4.174981091408705
3.540086796511186
4.376083731435318
3.835799627696981
4.5878880131727025
4.137872403768032
4.819676595955946
4.4526243357601825
5.0743717955764565
4.782942839369802
5.3544206117342465
5.125984711522919
5.656099906538418
5.483299866782518
5.979704649902187
5.859988812671054
6.331280062890166
6.249501167208427
6.71018918866006
6.659832821036344
7.11165065119989
7.087975404387693
7.5337475444043065
7.5375732409706275
7.97911216515199
8.014462668636646
8.453875535553077
8.513451172350592
8.95872174591113
9.040277062510466
9.488849844407842
9.597421894002363
10.066117921272546
10.182169910876432
10.661903164940572
10.793613671725717
11.284129046637977
11.431688182036856
11.899753423683586
12.051918341576462
12.474623395777142
12.640340415702834
12.993267633683008
13.179058593613577
13.473598810217172
13.667263898674179
13.921420498285832
14.115072527145955
14.354400670337274
14.558259391196287
14.793832608744347
15.000914716502967
15.24202191880464
15.455514104987262
15.703339398659832
15.922512218040474
16.176345412783107
16.402910206283714
16.65981902579802
16.892242340221014
17.161304685246357
17.404616876494753
17.67593918893879
17.925584281384133
18.202391684046592
18.453650105774752
18.735942468739655
18.98965653953616
19.278626115911916
19.533033267356377
19.82637350279823
20.076085022947545
20.362651788740727
20.616083320210052
20.892558271787152
21.138752611843135
21.410561248627243
21.65564249168132
21.91999994814315
22.16331568540398
22.4138579922713
22.659388914222045
22.90295698807177
23.150605841446346
23.389910461220694
23.63826930532733
23.875486439507235
24.12501905901275
24.361637466857644
24.61410446086509
24.85504212260255
25.105880959835368
25.353947633918253
25.60272373996917
25.858134205401424
26.103506743874764
26.367070807135327
26.6119748256639
26.87862404623653
27.130653808882286
27.39272798070047
27.64767242416892
27.913804757267574
28.166424699423903
28.432369719518164
28.68923695448586
28.952483817126186
29.20764086547407
29.470866202418186
29.722591269416817
29.985032443329825
30.235300979582778
30.49679743071842
30.74665357877053
31.002324006010394
31.251762233249316
31.50441164565741
31.754602900937535
32.00404091972893
32.25510540082777
32.50298466764456
32.75352421283916
33.003193260217415
33.25371824558618
33.505739934383925
33.75444561815809
34.012064256978995
34.25659236779321
34.51738474292201
34.761256658385925
35.02114272929713
35.26902311151511
35.52993221072617
35.7760228522794
36.03721857809703
36.285653656477486
36.55077301226964
36.79917199437421
37.061770867417536
37.312950937412616
37.57413874316251
37.82660006117783
38.08619606539769
38.34158137959987
38.59835634013728
38.853283279369926
39.10630178816663
39.3611507206428
39.61182826241567
39.86782688167611
40.118206267251644
40.37312090820875
40.622655826291776
40.87667251824126
41.1278107166566
41.380503901229346
41.63179364236643
41.88501114723849
42.138014000452294
42.38936075840108
42.64316101388746
42.89473783690777
43.14849117558617
43.40178448247187
43.65585545132211
43.907730277581535
44.164614992090165
44.41632401578467
44.672644548082395
44.92695217248202
45.1817552940384
45.43685822802918
45.69106946489287
45.94677647572324
46.199893952971074
46.45697007760416
46.70939954735922
46.963704431199595
47.217582385172676
47.4705200630992
47.725119073919366
47.97792958085993
48.23183884988133
48.48363531046294
48.73871621431872
48.99001955200695
49.24462033739225
49.49652437220268
49.75138036910462
50.00441926452774
50.25746524544743
50.50967568904537
50.7638559482254
51.016496953240356
51.26996743209228
51.52316424741301
51.77663172882033
52.031132579675706
52.283436499064585
52.53821293580313
52.791203085471636
53.04518405082085
53.299335688274134
53.55302821793675
53.8071073159051
54.0604142600428
54.31485399802072
54.56857206081315
54.821581133123104
55.07630944690825
55.32887414809722
55.58379340480604
55.83647316110099
56.090529426153616
56.34363921496434
56.597833775929026
56.85100928373375
57.10468322577303
57.358200186800396
57.61234221484881
57.86521315783264
58.11925450620285
58.37257280293303
58.62650484900771
58.88015021464218
59.13360443171266
59.38752830669941
59.64111398426293
59.89489184252472
60.14828116953892
60.402131122136296
60.65563405189092
60.909606220872156
61.16312370685884
61.417013519312654
61.67053100529935
61.92440984585932
62.17793830373986
62.43178793791633
62.68523403926932
62.939122267358556
63.192723694237394
63.44621512546825
63.69401967798454
63.922864676219916
64.13329506215355
64.27078675089642
32.16578630278156
