W = 0.6
0.0
2.331038491381322
2.229664773302425
2.4043317475923396
2.3065689401893748
2.479316714834336
2.38505740682208
2.5564978693388642
2.4659628012037693
2.6361964798100352
2.5488187090237338
2.7182938601453235
2.633915196326797
2.802660331777544
2.7214598652879096
2.8895070429864735
2.8114516638898466
2.9793404388241274
2.9040636764711674
3.0718396111000943
2.9995966209143967
3.1669338449165347
3.097891664035798
3.264948716648881
3.1991463110650016
3.365894492922855
3.3037167568545365
3.4706298603277865
3.411461485113244
3.578751670980294
3.5223573952880938
3.6905316906009493
3.6366861001490145
3.8064381297013514
3.7545645876044453
3.9258088593820455
3.8762240401649604
4.0488351230389465
4.001476583013135
4.175091372320176
4.13085742672949
4.305450689137135
4.2642292493755045
4.439861454151082
4.401627812129613
4.578777706177436
4.54309810133615
4.721962010848484
4.688532147061057
4.870438630538457
4.838711575326443
5.023720625267903
4.99309923424813
5.181693990193257
5.15220174681939
5.345206802710832
5.315964380499136
5.5138759383522125
5.48527636512164
5.687253585387044
5.659836369939178
5.866206223581822
5.839553992283406
6.0508028924061135
6.023867305044719
6.241665553779162
6.213659213909023
6.437730611287134
6.4091422466881305
6.641340833831347
6.6103507941582444
6.852034304141553
6.8164339221858965
7.069002803077203
7.028883185407959
7.293362139507891
7.248038125062405
7.525800808394049
7.474472604115091
7.764582013225261
7.707007343464335
8.0083298090364
7.945670906829136
8.24325086209843
8.188810305321596
8.455223440930476
8.42475422885845
8.640526355965605
8.634071890497875
8.799581607828298
8.816191109328498
8.944297151394087
8.974365180372931
9.085945357852642
9.122658462833364
9.228925880150689
9.269386451325762
9.374299195485072
9.417446646698286
9.522319041152667
9.566894447146955
9.672371955607758
9.717931900172973
9.825281653357846
9.871445530924719
9.97979585916593
10.027036559316407
10.136932088775072
10.184504072667673
10.296280008731513
10.344611920751065
10.458322410700504
10.506897968444214
10.623409107021896
10.672137158440501
10.791160642347537
10.840326396637561
10.961349017160389
11.011097627844217
11.133430463239923
11.18451758937633
11.308569404347939
11.360774544635957
11.48574847847471
11.540087555294736
11.665692495428711
11.721088977181259
11.848112826596026
11.905612771327553
12.033112313429333
12.09306999881553
12.220502067394499
12.282784185146847
12.411353212728821
12.475002289675187
12.605462690151617
12.669583797438966
12.802325763865934
12.866914417416368
13.003303648248316
13.066390524776354
13.208133703121304
13.268515976147485
13.415299350496046
13.472695695627138
13.622996991233974
13.67929198285665
13.83045726651197
13.885404308078456
14.033451523652452
14.086635527060492
14.23183592818943
14.282404102978411
14.4212816286938
14.471067651374828
14.601032611704689
14.650634475918926
14.77160478896167
14.824374298765841
14.936784511157832
14.993581861693242
15.0993782354791
15.159925239198918
15.261320131750137
15.32414519146947
15.422899196880378
15.487372185477382
15.584949107086937
15.651153876944845
15.747797040438122
15.815597815670083
15.912179651377595
15.981654902122175
16.07839754222326
16.149393536676627
16.24671100001462
16.318579167509494
16.416558952791544
16.489428180098084
16.58856964709077
16.662139161895393
16.76219336048429
16.836023991578696
16.93759418734624
17.01168745017897
17.11471966708205
17.189179657689166
17.293338086545816
17.36850391993765
17.473277356608257
17.549542592964798
17.6545816824735
17.73256051818845
17.837928982870128
17.917477626305335
18.023264049178614
18.104810702944228
18.21077014770036
18.293670713857356
18.40037344699897
18.484164093851856
18.591669556244817
18.675929732193005
18.784488066783194
18.86894435512214
18.97780040813255
19.06236281808358
19.17123699501087
19.255608303041324
19.364746548561836
19.449176802127027
19.558440902231137
19.64109151192357
19.751469514990752
19.831125778453373
19.94354257027142
20.018283402273358
20.131074280317826
20.202944287397774
20.31409149706253
20.383634823177232
20.49256854172764
20.56136347444819
20.668593175265922
20.73704872969361
20.842154210242008
20.910922158324997
21.013993435718064
21.083793787122303
21.18410467257553
21.255815259561984
21.353530030812337
21.42757417067121
21.52323710666293
21.599489854008695
21.693301138105127
21.77109583089747
21.86413465559429
21.942799232945152
22.035723142325374
22.115657159697502
22.208672018626643
22.28966224845544
22.382683001415348
22.46450418207735
22.55790747742004
22.638790427567503
22.723601238892083
22.788415220619992
22.831269565798017
11.427843460721682
