W = 0.3
0.0
2.3331258709513656
2.0957896373171274
2.3915684092350844
2.1428152536466873
2.4515344378620467
2.190819289884595
2.5130402107805074
2.2397870769361634
2.576132481781549
2.2897194315076894
2.6409196687952785
2.3406692786832597
2.707454325982035
2.392669433667876
2.775729313118327
2.44572443743014
2.8457809637745464
2.499867868261634
2.917641902872823
2.5551235058827495
2.9914268997473745
2.6115047516746674
3.067184018026222
2.669028056050116
3.144996537256696
2.727631413391262
3.2249282502601555
2.787405811207434
3.3069773037110735
2.848336175824498
3.3912747152155376
2.9104450802927073
3.477876487785729
2.9737312988435014
3.566761328513853
3.0381657302187075
3.65806528178998
3.103822403438159
3.751798274044462
3.170740963043512
3.848066128608357
3.2388749718138636
3.946914924071674
3.3082787756171457
4.048513525808894
3.379012027951291
4.152891560101181
3.4510163901406097
4.260135355963443
3.524311357600981
4.370396534388743
3.598839685720731
4.483760979084375
3.6747225266671824
4.600368777672677
3.7520356987288577
4.720321489025457
3.8306451290369288
4.843677263561079
3.91063158472941
4.970548395900089
3.9919881067023715
5.100908584912549
4.074708140909994
5.234935038061414
4.158867977421279
5.372614488501881
4.244514670515086
5.514305250180883
4.33161847902222
5.659932253864563
4.420123804063534
5.809636582927487
4.51011642051123
5.9635425471634615
4.6015848593351265
6.1219546344409
4.69442078551481
6.284968661352089
4.7887172498147175
6.452720913139696
4.884353712086568
6.625358690381151
4.981441234529929
6.80294331711416
5.0799976168540395
6.98079175065367
5.179880224528185
7.138265618860946
5.281229857175169
7.252866722326471
5.384111117500931
7.339563548793696
5.488418564493341
7.422978551987392
5.594147881215615
7.507157782827394
5.7011502599819694
7.592155827803005
5.809471734698979
7.678140516220285
5.918988390377458
7.764894935654685
6.02995964614303
7.852518894607093
6.1423010432659435
7.9410639176369076
6.256176144673682
8.030501807151035
6.37128220729844
8.120879914579838
6.487660186853107
8.212141403966164
6.605290899957912
8.304341909523233
6.724087669700552
8.397348751228558
6.844104611511065
8.49129665352387
6.965218922783083
8.586120241366629
7.087423902117007
8.681885051376174
7.210621206145211
8.778503533471866
7.334841461045239
8.87603886855136
7.4599415683894374
8.974542776123673
7.586046757072769
9.073929155530895
7.712989833444955
9.174327391669975
7.840823828371637
9.275631315440329
7.969642915226411
9.377834790467489
8.099079222127857
9.481003901562078
8.229473959340856
9.585180490938036
8.360658659786719
9.690213223274574
8.492448487475487
9.796246114488355
8.624769898638457
9.903109949094762
8.757477236934362
10.010974431935198
8.890505655950085
10.119758013825937
9.02352078610358
10.229431007993595
9.155797007507953
10.340111003441635
9.284125528413044
10.451581650131375
9.406783086409046
10.563981049369268
9.522705825010377
10.677480783424988
9.632177737189782
10.791778915920595
9.73669695907551
10.906941366876904
9.838220225284983
11.023200584528675
9.938149727102084
11.140436960453147
10.037379771396845
11.258522894214504
10.136567541061138
11.37742258313002
10.236138232754742
11.497428962255787
10.33613094379137
11.618190190219686
10.436800710002448
11.739775375807387
10.53812599419297
11.862193349880776
10.640220033276586
11.985295421444555
10.742935398580741
12.109162026763391
10.846462777532983
12.233702611763206
10.950601563121358
12.358938003535624
11.05556566083416
12.484732812904516
11.161151120538252
12.611230535214704
11.267344294873253
12.738404341559617
11.374249969992343
12.866185053528445
11.481851612714786
12.99456654270199
11.59009200636225
13.123548783333783
11.699134437456376
13.252855075754612
11.80877492544473
13.38260186434083
11.919083197906257
13.512450623716989
12.030112166701024
13.641341384593996
12.14175665387612
13.765542485994661
12.254047166473804
13.884293629035874
12.366981105772451
13.995382773132627
12.480444556187702
14.101232353182375
12.593083008060827
14.204523637400253
12.704196496037712
14.306211037062582
12.810538248795488
14.40715318429094
12.907198875483424
14.508335996340755
12.992414932901015
14.610148827366626
13.065717591717457
14.71254596768534
13.125500254966381
14.815573178089544
13.174119958145571
14.919227589288825
13.216152817182559
15.023275231706252
13.252106406636022
15.128009265212771
13.283161193477
15.233211025620625
13.309595101968428
15.33734071861689
13.331512782117839
15.434276599246733
13.348583530925765
15.511654851071771
13.361212730866114
15.563077521455728
13.368976506764218
15.587382769683941
6.685781521936458
