W = 1.3
0.0
3.5219765284125355
2.774105646197405
3.6875463999056186
3.0630737270406807
3.8683682050832773
3.3561796123526553
4.074244871718422
3.6567728794869154
4.305243948266035
3.9647713394177355
4.552498133682649
4.288507558922878
4.819847925892457
4.628594338482551
5.109389765230001
4.98468766341212
5.4291216326463525
5.35200699973408
5.770158681149323
5.74216190907383
6.131755183099729
6.149602369673579
6.51658149328509
6.587408499102856
6.934806815773391
7.047026765384107
7.385305427173942
7.533675169958442
7.869050013583386
8.047418034104634
8.390661943979351
8.598611076665598
8.944562877791402
9.171760237314652
9.520545138699553
9.764002511900905
10.103243165778967
10.32986062032823
10.657522443279486
10.87642376132161
11.181224767126142
11.392156878352594
11.669049589928118
11.845557485019976
12.11162353875854
12.277464972440796
12.533004922529816
12.700986604382239
12.942296713495992
13.132730261146081
13.365445793271899
13.570360344307208
13.801283930268204
14.018168298129842
14.253726566493215
14.482166020732382
14.714462378600734
14.950079460799975
15.192186208729138
15.43496571430676
15.686617519724077
15.942292450844763
16.19333673083696
16.459664143978703
16.706840334177357
16.981101193190423
17.22346757858565
17.501727647020346
17.73793830166719
18.01174616338225
18.24973147930701
18.518263349335985
18.747357283226982
19.006907942117586
19.234115879200417
19.484025587384195
19.708935490268782
19.958141837959463
20.176237775766126
20.41980670094394
20.639236561110504
20.88082932244344
21.097815448244564
21.34222083057473
21.55793252174942
21.803484991663474
22.02613105167816
22.2751225002172
22.500944846688114
22.755784941041494
22.98581809991743
23.24248061382182
23.47549258863354
23.73841176044733
23.970428632765096
24.233784032888213
24.467046237156996
24.730591954118957
24.967580754928044
25.22768031695761
25.46978254826242
25.720179323758682
25.96816521492808
26.20834099601025
26.454918383766657
26.691855807995413
26.937833519330205
27.170050677698352
27.41312030957059
27.645705429326092
27.888154280525324
28.121369259795458
28.356823179104556
28.588882786560834
28.82678080155087
29.060820838872164
29.30149383244669
29.533117905568762
29.77627601426657
30.010206100262156
30.256862284091774
30.492915391375583
30.7415778526906
30.97746330178806
31.22647687710722
31.463144462866033
31.71451706918161
31.950118316842214
32.203185677456055
32.44032489408315
32.690969177807766
32.928514799342096
33.17844652863735
33.41557663630661
33.66157316074688
33.90104832796685
34.14504018081247
34.38365865827837
34.626400221269044
34.86375518333794
35.10362365283429
35.34132883100483
35.58159583018512
35.81969578864946
36.05918727153194
36.29623977281844
36.53672174567751
36.77546669896271
37.014119096069145
37.25466485485696
37.49279675971658
37.734330411807235
37.9740524813448
38.2179132175298
38.455790636047205
38.70180453765248
38.93911636821738
39.18499505635164
39.42270734071098
39.667504488688614
39.90673038080242
40.15201392467016
40.390273274658966
40.63504776804373
40.873661296975364
41.11894039716039
41.35687832742238
41.60087842633434
41.83957886119009
42.08182954628314
42.3223211823153
42.56351518021223
42.804979664488535
43.043935949146025
43.28509474211972
43.52445360750567
43.76573784336913
44.00287491899769
44.2454427094782
44.48314015271711
44.72586422721642
44.96426784257774
45.20779164706684
45.447850792921685
45.691173923931714
45.93160719381463
46.175210486705204
46.414159530178104
46.657067195634845
46.89717604833486
47.1387977789283
47.3788565026651
47.62017205088397
47.860628761809586
48.10206048578744
48.34169809162971
48.58470876572139
48.82423439219492
49.06639747077616
49.306138252818364
49.547571295475386
49.78749190954207
50.02924418065452
50.26873164069733
50.510455600830696
50.750858790259855
50.992124896375245
51.23281836426551
51.474228771916216
51.71388613684176
51.95633024326009
52.19631125497518
52.43699410041606
52.67760293114825
52.91894545795397
53.15900718142626
53.401005475776465
53.641931549091886
53.88467710883472
54.125485034716846
54.367852301588506
54.60854159601232
54.84949910279958
55.09016576979278
55.33062521324126
55.570696988258845
55.81149447662209
56.05211740946304
56.292988600919514
56.53414307902383
56.77496563343995
57.01542196141315
57.25694033955906
57.49722544331884
57.73866065610929
57.97922981500591
58.22020117166467
58.461033293711054
58.702005578921735
58.94304059271321
59.18382056041239
59.425051167941405
59.66540026244985
59.90697488109653
60.14718262024201
60.3864389016153
60.62298498154396
60.81429559435721
60.98067688266967
30.50630354352157
