W = 0.4
0.0
2.3172163868733455
2.1900303284420355
2.3789557408063495
2.246375320493742
2.4423700846450203
2.3040177651460465
2.5075577016134796
2.3631200595318997
2.5743367316316186
2.4236634144895177
2.642730981592459
2.4855539270435094
2.7130190588459007
2.5489351752872653
2.7852750216852717
2.613874276432647
2.8595497493665407
2.6802360174212994
2.9358663048345734
2.7480911976539577
3.0141084990067206
2.817508749266188
3.0945137486325778
2.8885915962241637
3.1771058025995766
2.96139731116263
3.2619563566259795
3.035888246474527
3.349176345132462
3.112179482692818
3.4387002516657574
3.190269370252823
3.5306434158688442
3.270133497772301
3.625028054867419
3.351936570271245
3.7221493343798473
3.4355199263365708
3.8218885671228824
3.5210806073569465
3.924379287388586
3.6086875406608687
4.029696501281006
3.6984695982867373
4.137875360145643
3.790374871901935
4.249031139884547
3.8843067289576187
4.363009688464558
3.980235843716416
4.480128597273092
4.078438547592739
4.60029448947917
4.178800880971054
4.723814265598503
4.281238833773264
4.85081862741901
4.385930616948929
4.981470368583643
4.492841371626744
5.11591796115306
4.602004269264839
5.2540279558432585
4.713658611122063
5.395897219568581
4.827878889470097
5.541714055458631
4.9444699556370555
5.691473003078775
5.063549406695969
5.845350177362247
5.185194292156557
6.003485270868625
5.30931890858647
6.165669528170638
5.43616314751329
6.332223870808653
5.56571576149249
6.503504652355623
5.697994529844437
6.6794620496230745
5.833005832221557
6.860658025990256
5.970803022222504
7.04681539933761
6.111456032305631
7.238181090535338
6.2550114247352635
7.434793287472766
6.401423554533631
7.631932510788234
6.550791153680503
7.815454024379363
6.703200366864006
7.967639772586569
6.858414354360369
8.09093015246483
7.016632503974456
8.198792708424483
7.177913811745625
8.303176717510807
7.342011318566593
8.408547436208575
7.5089804237581586
8.515165238766812
7.678854242367495
8.623149617809261
7.851888395382285
8.73228070657149
8.028171088098672
8.842591971539328
8.207532186468056
8.954347206106291
8.389754700183056
9.067517322444562
8.573828863336693
9.182165461435625
8.749186338772017
9.298218489596334
8.908871675617245
9.41571642260749
9.048499411097026
9.534426766004461
9.169243963159456
9.654685790580698
9.281052585371127
9.776286348499095
9.392877668209676
9.899424660201232
9.505720868718312
10.024024018267108
9.619779796997276
10.150275603136308
9.735149178325415
10.277865320130648
9.851775496433067
10.406931232740963
9.969479260241904
10.53767176565784
10.08852698105659
10.669912334088005
10.208887680438774
10.803870021780705
10.330553960915502
10.939416327056373
10.453492556734433
11.076463866079097
10.577922931260977
11.214871717136644
10.703696526346555
11.35481123424609
10.830814025773572
11.49632592839322
10.959180999787032
11.639492998937225
11.088827304877203
11.784277031646752
11.219894298906931
11.930393095525398
11.352355825715158
12.078458969741465
11.486197539758358
12.228073433342544
11.621348480090239
12.37927385516946
11.757906519234977
12.532242226700767
11.89593979706675
12.686887477773697
12.035422414946575
12.84328598086591
12.176445875243669
13.001398461079374
12.318827415867736
13.160012187592056
12.462467890058472
13.318818942095103
12.607431970690385
13.477357983750894
12.75375829423706
13.633049195550935
12.901698195246443
13.784363265109985
13.05099927530979
13.931793519354912
13.201723690564249
14.07320524146004
13.353762093359997
14.208514990380452
13.507369076800222
14.339213875947204
13.662433815708635
14.465627321468704
13.818662166131505
14.589449360762226
13.976128280196257
14.711703758905417
14.134263987635086
14.833373930474364
14.292394294152954
14.955511585299929
14.449213263772938
15.078307834654833
14.604374058153994
15.201998587794892
14.756111545795083
15.326712209848608
14.904427253746723
15.452469130662895
15.048347444788167
15.579262989914353
15.18764146546006
15.70706744874346
15.321520190482772
15.836027510641117
15.453314944956796
15.965899495063299
15.581806780569346
16.096832323561298
15.707783300814846
16.228798180875234
15.833209239741834
16.36182997976331
15.958966481331318
16.49580286096349
16.085153697757665
16.630683732510104
16.21171761864598
16.76639538342576
16.339152559924486
16.903252326950376
16.467447938327783
17.04099814943552
16.596707315968853
17.179711606114722
16.72667425697543
17.31942436006935
16.8576803096
17.460185568707633
16.98965506642524
17.601757028513514
17.122566780877513
17.74440783000723
17.2563648411669
17.888017348446557
17.389844656352206
18.029425055452947
17.505978681947653
18.139833193081188
8.775873389194498
