W = 0.9
0.0
2.867711525659324
2.515806531860222
2.982299026475743
2.658223155702212
3.1009945339390512
2.8025061620528042
3.2231259191512067
2.950235843916327
3.3503435804779356
3.10241130134936
3.483198966896218
3.2595122764175772
3.623591432376451
3.4224993784920947
3.7693242106638545
3.591408667818361
3.922634920877055
3.7660911149670397
4.082689671503489
3.946710341797866
4.250517849194709
4.133301431728665
4.426753107654761
4.327951013066143
4.612456719766699
4.532702508627427
4.805999735879266
4.747106370066519
5.008659484153881
4.970496174314606
5.218502032120893
5.203521621745138
5.438406258761673
5.445250667619988
5.669146326053819
5.695689495473305
5.911439405842039
5.956341105338115
6.1649529560361875
6.229125836877593
6.432307029582507
6.510646669007114
6.7111106519779815
6.8048284647592965
7.004088219514144
7.112462741114326
7.3108290972170575
7.434115242801794
7.632339754234573
7.767271343384805
7.969114471457514
8.112121040281266
8.319299061155759
8.472803018070405
8.684259925056242
8.845096190864627
9.055893885215658
9.218098034232062
9.418817907820277
9.570423873902154
9.750773012710265
9.885281232236695
10.049695027002617
10.164142874837456
10.305959449580792
10.414202586756875
10.546276572452085
10.65123881851891
10.782955184045315
10.888855660633878
11.02048246155696
11.132030679586371
11.263161042489116
11.379730308177239
11.509971623264695
11.631776181580715
11.763913912184682
11.889472378695364
12.024657148411208
12.15223121158669
12.291221046705662
12.421697127249496
12.562396301639932
12.69705237719451
12.838064205330133
12.978538731106234
13.119795659916647
13.26485137635334
13.407404667208963
13.558276485575274
13.703033580948185
13.857431938534067
14.003685489666825
14.163384172596285
14.310472382688806
14.471890356229007
14.622980277351257
14.785359380646852
14.939274105414674
15.10474888405828
15.259312307436584
15.427956730182052
15.576437349702337
15.751332236493575
15.89149306393929
16.067291103937134
16.200160505045424
16.37123498899729
16.49997212115579
16.663108657658096
16.78975616316487
16.94579280653783
17.070110789318534
17.218710336047412
17.346917036011952
17.487034333803514
17.61860073430455
17.75169846909938
17.886027679162755
18.017850287277874
18.153019323105244
18.2856581330574
18.422133739583355
18.55656607834803
18.69411300781484
18.8304042125939
18.969923135834456
19.107346800230918
19.248714852616022
19.389515540760783
19.532028065462487
19.67629572405497
19.819086842312434
19.967940447143988
20.109094272998945
20.260444830804115
20.401857501044148
20.555564297308372
20.69883517495453
20.854976152491297
20.998857409243577
21.15678278784268
21.301464800627787
21.460000221336102
21.606477908654686
21.764466690282827
21.91273027317945
22.06607285668345
22.21686184306607
22.36592877847236
22.517006555533634
22.662843989819724
22.814843852493645
22.956515201645665
23.108013942046373
23.24767495788771
23.39770060899702
23.53610415788801
23.68325990830125
23.821123664654323
23.96403349044515
24.103448187410923
24.243248093970795
24.383127520594897
24.521693973596065
24.66130816093447
24.800207830836815
24.939109377891768
25.07862713466594
25.218661989338884
25.35957336335865
25.49893610691813
25.640300552866595
25.78128712657576
25.922993687011296
26.065700328436296
26.207764593911307
26.352342609076143
26.49524791166491
26.642083500713603
26.78696594546048
26.935045147920544
27.08092379295603
27.2296881349239
27.37672640684867
27.52617099624757
27.674247318616555
27.82343688911724
27.972331018184665
28.121298640577812
28.27029385108362
28.418089041827372
28.5674702027469
28.715897836045265
28.862481937656312
29.01330868577505
29.157273627208387
29.30881108209994
29.45153753928476
29.60094450096421
29.743245953227856
29.889845462925578
30.03283379015754
30.17734934295572
30.31881929249919
30.462756928658695
30.603119099629367
30.747241642745095
30.88633440049541
31.031212840926575
31.16987742616233
31.31369562929812
31.45276291727327
31.595356036347617
31.735024048532594
31.87806455189411
32.018137830815206
32.16151827003616
32.30179946703356
32.44631659766975
32.58643629166082
32.73253095207061
32.87484594339254
33.02038504071351
33.16393342453425
33.31072217905776
33.45521641103459
33.60312386695227
33.74991721429543
33.89763698296273
34.04470850653527
34.19323526270369
34.341066890317634
34.48921086603371
34.636968435159176
34.785155244634836
34.93239769164141
35.080520137750156
35.22770026026292
35.37620532014056
35.522134568710605
35.669980553096565
35.81519958934102
35.96191348165929
36.10690909850055
36.25003277760025
36.38539385310291
36.48974076458254
36.56629924316433
18.290937536826426
