W = 0.1995262354612350.0
1.2482201624883906
1.025449142848218
1.2784840524682115
1.0456076625649764
1.3095512789992785
1.06611189404939
1.341440354783251
1.0869655081080252
1.3741787913860464
1.1081714751104417
1.4077904473004186
1.129734994613689
1.4423037070290559
1.151657932883771
1.4777469522338464
1.1739465879423896
1.5141495509369827
1.1966042391443366
1.5515383625631942
1.2196374676595327
1.5899474802243005
1.2430422531964584
1.6293989911539324
1.266824860204265
1.6699326084601402
1.2909825941365136
1.7115818757957382
1.3155268877496393
1.7543817145260898
1.340453990446809
1.7983731868333392
1.3657650502501395
1.8435868917456215
1.391464899277692
1.8900688218593007
1.417555373436758
1.9378589124000751
1.4440354326152027
1.9869989465476943
1.470910908800042
2.0375307426830034
1.498179092506816
2.08950651761694
1.5258413108613822
2.142969477200742
1.5539006654158447
2.197968309054074
1.5823586484942043
2.254552809283552
1.6112120185636876
2.3127799512224883
1.6404689210270083
2.372713965682602
1.6701264887046692
2.434400513473394
1.7001813640727184
2.497902884576325
1.730636030093663
2.563292530761958
1.7614980021803708
2.630630354373602
1.7927556056209613
2.6999953688687346
1.8244030625704593
2.7714446191166124
1.8564470780497089
2.8450673416825163
1.8888936670811756
2.920950661960912
1.9217364153196577
2.999172064885337
1.9549731412135294
3.0798074474672665
1.9885978941557203
3.162944315503563
2.0226021193226833
3.248409043939705
2.056975943822038
3.2924325256159803
2.0917234155340263
3.325610512524631
2.1268489217296658
3.359052950104691
2.1623345312412714
3.3927610141055506
2.198186812748757
3.426754242238912
2.2343894514004785
3.461007830211407
2.270936709492294
3.4955202875161158
2.307816370040164
3.5303066677529857
2.345031251193184
3.565361918951248
2.382566835930519
3.6006652890250908
2.4204215408808123
3.636233444941993
2.4585787386991185
3.672085587995054
2.497032797899271
3.708181832852235
2.535778736445069
3.744536342721063
2.574800425775626
3.781150240636272
2.6140845003199673
3.8180242741713846
2.653622961740983
3.8551284968819264
2.6934086336465075
3.8924808076384507
2.7334269368621804
3.930081366444073
2.773653006104739
3.9679182903434276
2.8140754075205363
4.006005041673231
2.8546866818894125
4.044327011228632
2.8954578133321767
4.082887814308915
2.93638299451306
4.121671363573125
2.9774523886441595
4.16065018065027
3.0186213973402625
4.199833724001354
3.059876950761883
4.239226423189461
3.1012117955619214
4.2788346066711265
3.1426087526382283
4.318640121074098
3.1840435753673457
4.35863772681162
3.2254888070618764
4.3988001693982675
3.2669220558981396
4.439144119579227
3.308329704745537
4.479652409403002
3.3496879824330796
4.520311971131154
3.390986737934951
4.5610915876191385
3.432193870907342
4.60199910940936
3.4732772652428086
4.643011185143593
3.5142124552630905
4.684115896824012
3.554968983341351
4.725321059983299
3.5955137123947214
4.766596239762214
3.635823907356475
4.807913061086363
3.675885483829933
4.849274146005374
3.7156629600028657
4.890679921703796
3.755141383076228
4.932105100229737
3.7942641965787014
4.973509269862412
3.8330255431227647
5.014859212862071
3.871388541685961
5.056137593530297
3.909315873702509
5.097336485941557
3.9467853047181514
5.138365676190749
3.9837474901164387
5.179198432583488
4.0201980736035825
5.219819355527574
4.056091844989989
5.2601991860598485
4.091414308651233
5.300273237400788
4.126132244625963
5.339972679869043
4.16021594849766
5.379210383743268
4.193633992223886
5.417843872273835
4.22632109613427
5.455743521549435
4.258264275314837
5.4926623236333985
4.289464400602221
5.5282265818769885
4.3198656586583315
5.561680505644796
4.349468678597854
5.59279155278453
4.3782218207822465
5.622259420997723
4.406088795764659
5.650339519024298
4.433059665639682
5.67734855950774
4.459113354902164
5.703369874739574
4.484207175377261
5.728438095080784
4.50829770472217
5.752505647004683
4.531384631097185
5.775559345753974
4.553447518186855
5.797565921214313
4.5744665036777565
5.818569223344376
4.594401114032055
5.838532107713205
4.613238921124367
5.857407260530205
4.630951793421919
5.875199793508248
4.647521920007539
5.891908255767756
4.662927309240071
5.907395042913957
4.677130289080337
5.9217086226622335
4.690148137665775
5.934759394830485
4.701937980687227
5.946561679517362
4.712485641246651
5.957161934705939
4.721796758335913
5.966480894254068
4.729865927359207
5.974498718535611
4.73666667020216
5.981232381584183
4.742214547446037
5.986580760816283
4.74649454899281
5.990583072649793
4.749523929886612
5.993139496842868
4.751308823648585
5.994261183711091
4.751761345212477
5.993893812569097
4.7509356686028354
5.992118547708233
4.748824200757027
5.989033321842079
4.745453709941274
5.984542371185759
4.7408304104360806
5.978741836789199
4.734969273279797
5.971728522460371
4.727865870139777
5.963409720344814
4.719499584573081
5.953863677032266
4.709897199497464
5.943122472963584
4.6990818563244545
5.9311452469848955
4.687064141381766
5.9179668672445285
4.673856249546375
5.90364300822608
4.659481292914187
5.888196470917491
4.64395696423069
5.871640008016412
4.627329501602845
5.85398198332451
4.609561553667908
5.835293039448147
4.590713740462163
5.815446513837969
4.570725564041443
5.794549217731401
4.54966069524701
5.772511054436166
4.527563492472648
5.749432710553241
4.504431158101233
5.7254229200280005
4.480301626245886
5.70032547162626
4.4551854706404965
5.674258650375876
4.429100515835173
5.647202396517563
4.402075793048241
5.619032499512102
4.374133426345681
5.589558716756473
4.3453335020844355
5.558665066438227
4.315700819439525
5.525621835499078
4.285262945811902
5.490204940829292
4.254051105089922
5.453453211123325
4.222064172242061
5.415823059098397
4.189340080288187
5.377483236633477
4.155944662233757
5.338539840511649
4.121867107148119
5.299038356267297
4.087163869205047
5.258995156141545
4.0518688043877935
5.218551631019349
4.016013458723545
5.177917092913315
3.9796263348543572
5.1370830625966475
3.942726655745024
5.096042404579734
3.90535952557306
5.054885554068482
3.867540846905045
5.013595907357367
3.8292756150217104
4.972243245444994
3.7905740579262392
4.9308491972587065
3.7515205247605974
4.889485172900261
3.7121446693265576
4.84811746179629
3.6724429617464986
4.806742640529491
3.6324484030191835
4.765397932713348
3.5922152465641353
4.72414619140867
3.55177114989413
4.682977502647081
3.511146184381043
4.641919663025404
3.470345242328197
4.600942376695503
3.429366688517575
4.560061535388343
3.388256956643068
4.519296740536817
3.3470115458268053
4.4786385635381345
3.3056667093138943
4.438148612039761
3.264275802610681
4.397849606171608
3.2228411402789985
4.357699794101052
3.181397748954492
4.317736643615864
3.139982608793084
4.277959380232979
3.098593108853874
4.2383420144513115
3.0572570337546634
4.198934695342379
3.015977389114142
4.159726758496317
2.97483128900914
4.120759728640397
2.9338468563636813
4.0820290760195554
2.8929575383910335
4.043487731325618
2.852212850091342
4.0051402747749005
2.8116395236134792
3.967016371420028
2.77122660363833
3.9291310666790285
2.731017398307379
3.8914950499842824
2.6910561317222963
3.8541256073682972
2.6513157428811294
3.8170108720781823
2.6118073084287725
3.7801492536341894
2.572538191026285
3.7435233260652554
2.533532886066408
3.707174163618252
2.494798389436567
3.671058437326998
2.456320011579016
3.6352201378269147
2.418109308961959
3.5996085287957476
2.3802422701277894
3.564240216277395
2.3426848553026773
3.529154177660695
2.305451132705817
3.4943529524555568
2.2685621894055226
3.4598119401904395
2.2320297784925383
3.425528419839795
2.1958364312054868
3.391515825588513
2.1600197215916275
3.3577670354757148
2.124532231803983
3.3242698084048476
2.0894289847186513
3.291068236374547
2.054659592665257
3.244797407327738
2.0202548757290306
3.159243007822499
1.9862588245640824
3.0763029181680093
1.9526625761949559
2.9958524651229856
1.9194400850125541
2.9178509690033057
1.8866331697086192
2.842134108762995
1.8541981984791869
2.7685865561598537
1.8220981558727163
2.6971646850957196
1.7903893426837418
2.6278439613650546
1.7591109471264734
2.5605568819564186
1.7282517899395706
2.4951587652319884
1.6977638276460565
2.431632074101275
1.6676755036249782
2.3699418729150015
1.6379953515722248
2.3100302493868003
1.6087366761279307
2.2517266422170796
1.5798767382617325
2.1951162501638954
1.551435767085361
2.1401552862012414
1.5234164048378274
2.086731622014122
1.4957952089186046
2.0348247626480105
1.4685746752760545
1.9843767439474571
1.4417916118751457
1.9353281334261092
1.4154188544805164
1.887680962524658
1.3894847603134861
1.8413647306406153
1.3639451315547992
1.7962585520390846
1.338779674115885
1.7524252867201164
1.3140463802564715
1.709832071721898
1.2897246860352676
1.6683498772194703
1.2657153366883949
1.6280076438881494
1.242187501663623
1.5887678061583128
1.2189891675833961
1.5506111822002109
1.1962059842554507
1.5134075634137523
1.173732658250913
1.4772834383029738
1.151598841729333
1.4421340150645536
1.1297976681294175
1.4078307341583036
1.1083898267610444
1.3744908103851605
1.0872731527085053
1.3420000639119245
1.0666097777921821
1.3101505544893226
1.0461691265177715
1.2792071025523406
1.025839867891822
1.2477519529482821
