W = 1.258925437927250.0
1.4924219527893872
1.1922733673444965
1.5637451424582323
1.3110352257277915
1.639793610325014
1.4313385710204822
1.7237096779120487
1.5556110544026687
1.8163892663790129
1.6835319995449818
1.9180405252044785
1.815685768497369
2.0294596142887262
1.9530579980235192
2.149640502238149
2.0964971807045036
2.2792367125211896
2.2472358331010396
2.418461568482688
2.405724427156431
2.5670758378270024
2.572400181947098
2.72561319392137
2.747895495372115
2.8955902927216393
2.932528507875181
3.077119560664109
3.1277282153752886
3.2702051908679217
3.334181796690678
3.4762843501790504
3.553175935495591
3.6953920841354213
3.784500615096183
3.9270833234537994
4.029441313087544
4.174400817212563
4.288509354152053
4.4385375347365335
4.564443237255746
4.72018773780041
4.852942839361458
5.004140553148916
5.1021246350490275
5.232917598336556
5.288347986007224
5.408778155221976
5.465353337737779
5.583320190832241
5.646446996890803
5.762050079650834
5.832152470378522
5.945560074990277
6.0222395413936916
6.135790470727483
6.217130197837805
6.32988839546855
6.417850951236488
6.530568489047087
6.6239565146212405
6.737304129789294
6.835840094412074
6.951257747401476
7.05522661638868
7.172633970935605
7.2793473589147215
7.399374377850511
7.510014117249765
7.632055730678212
7.747140193157899
7.872367389331122
7.99172930749894
8.119283514006318
8.239968659474627
8.367787528678448
8.481561224669635
8.605336198997389
8.705329105407056
8.818843783839506
8.910083780762825
9.016067483162107
9.105051272332894
9.207698510399291
9.300440962751306
9.402032713846154
9.498158642716374
9.601162845171963
9.69998814069661
9.804966082469505
9.906186424821856
10.012869644430543
10.116956019019769
10.224773825592761
10.331184548054667
10.440667595996384
10.549419612789103
10.659901638676331
10.771838924406529
10.883987071992424
10.998254367696605
11.112009581485927
11.227947374557418
11.343791604746382
11.460687239531705
11.577738929016414
11.694273953436564
11.810934980864413
11.924629810481866
12.03872097813071
12.148235769356134
12.25646425821898
12.362882017987477
12.465906544569297
12.569889103382078
12.671605022774894
12.772902359057355
12.874888474550863
12.975963155141633
13.079085726252169
13.180940544468692
13.285641995789243
13.389390234069129
13.495116594117482
13.600912487913059
13.707977652778544
13.815678955560074
13.923555272236936
14.033195397722219
14.142723366636938
14.25422024053332
14.365070153646638
14.477708455290648
14.590021415154672
14.703523543610952
14.816814620431462
14.9304977434135
15.045005504163191
15.157450684061926
15.271220373033092
15.382255802627103
15.493703199047292
15.604124884062683
15.712323824267767
15.820188469864544
15.926443639382708
16.03215919259508
16.13725355844132
16.240344754566635
16.34492269930393
16.44768880702031
16.552358120107296
16.65524134141481
16.760290693930237
16.864892509493334
16.970397584681425
17.076477212971962
17.183324469390094
17.2905846924149
17.398473391436134
17.50762590001191
17.616142895448988
17.726830241124524
17.836081183643564
17.94804854142936
18.057664967503495
18.170680361241985
18.281665357198953
18.39431709342403
18.506220968044577
18.618229355956018
18.73022484909023
18.840925314584542
18.951722019564468
19.059927775112538
19.169202979890944
19.27642743770308
19.383324155308895
19.489625973474773
19.595739118395016
19.700571351240903
19.806688019858846
19.911369089645323
20.016887453558112
20.12243712773328
20.227295472808272
20.33268376506295
20.437753600340926
20.54443114226791
20.65018380164341
20.75772370748777
20.864457182171257
20.97266690749936
21.08060381417018
21.190802079619047
21.29936944127943
21.410512681242505
21.519938361836953
21.631873402597737
21.742240184176477
21.854526342265217
21.965524947920823
22.07767219039158
22.189799146576714
22.299618268496303
22.410571666128895
22.518789472838396
22.627982810218082
22.734419022091473
22.84221877036231
22.94867435233877
23.055644962146133
23.161999193631743
23.2688594395147
23.374787878827167
23.4814928467915
23.587461941620187
23.69429687444546
23.800488750810633
23.906658638329645
24.01345012750424
24.11904000002899
24.226632957010658
24.332852437277044
24.441781117508363
24.548609026301815
24.658857760668553
24.76676946285484
24.877605818732484
24.9865774641514
25.097869584079717
25.20789147137779
25.319415390781092
25.430212054666793
25.541032978447507
25.651917068500072
25.76237101951765
25.87167080662482
25.98125974164802
26.089049398112543
26.197647086828386
26.305676714713943
26.41323595664402
26.520699846975514
26.627078223724233
26.733787477039044
26.839934903013017
26.94700144975887
27.05301252104791
27.15608615528101
27.219531325379908
27.18794560072522
27.09398842051401
26.986384906817765
26.877912981219936
26.76994847478213
26.66143015962833
26.55331468208117
26.44538036339396
26.33773092206228
26.229501101076366
26.121995612995406
26.013670811147865
25.905856604586493
25.7975342083148
25.68952099567753
25.58097809745359
25.47239162622922
25.363463806366525
25.25472551708951
25.14495438435196
25.036087825982623
24.925731802822785
24.81643777716595
24.706402461350482
24.597374978757514
24.487705661152138
24.378465802347513
24.26870880699591
24.15952208687505
24.049603665950237
23.941509928894593
23.83232015548908
23.725012930901517
23.61634305783823
23.509408448010255
23.400642748611578
23.2933013945619
23.185449388769687
23.077082739858895
22.969646001185144
22.86085651334962
22.752612022226742
22.64362737418795
22.53516391703483
22.426780545069235
22.318466657111824
22.210029050733795
22.10178221543895
21.99342901379441
21.884386940380388
21.775766256369277
21.666352039608526
21.557162884464972
21.447196893630384
21.337637185122716
21.22726212756979
21.1177784292553
21.007857792136104
20.89768144451602
20.78805900708384
20.677972652151755
20.56873783333689
20.459434361893678
20.351021194923742
20.24248496815515
20.134461142330064
20.027128454104385
19.919620630754213
19.81257330536578
19.705177213068712
19.596145007172257
19.48938240908347
19.380144524943017
19.27209493439464
19.16271894315448
19.054554593869025
18.945102918839005
18.8358874025156
18.726285976417717
18.617146336304188
18.507356398874848
18.397684078832956
18.287938575435543
18.177459793077627
18.06746769991003
17.955306312972038
17.845902171519
17.73284298929239
17.623418014993774
17.511116656657123
17.40229090986245
17.291713466404314
17.182681759442158
17.073199910947498
16.964349042513028
16.856556189686295
16.748418612597252
16.641891772587677
16.535069482848936
16.430066640200838
16.32467811600588
16.221495311151052
16.11564508207525
16.010886605537966
15.9030163567273
15.796408160805905
15.686087910942438
15.577514313396087
15.467484614685201
15.356611271201327
15.246317902522325
15.135249738295677
15.02464783478364
14.913000411643752
14.80269342277845
14.690379568534585
14.579614921072151
14.466211253259836
14.355894826958844
14.243207475194993
14.13226745929795
14.02135943158445
13.911270938455784
13.801926928399029
13.692816641819974
13.58455205143509
13.476510294664152
13.370540034896296
13.264437025893514
13.16054672550846
13.05598248680728
12.953623730495154
12.851074251366606
12.74877328056348
12.648587513783777
12.545618439923405
12.442976868408206
12.338657500996684
12.231647587915695
12.123680177939317
12.013975232750365
11.9028746314573
11.790323798715725
11.674837078728814
11.563204592060025
11.44486602587972
11.333795784434752
11.214908722706369
11.104262541691904
10.987802879998922
10.877467717708962
10.76323209371585
10.652285884046549
10.541288375046284
10.432896171274384
10.324033425331201
10.215757731211141
10.109141264858858
10.002628923054639
9.899088723970012
9.794517672439621
9.693424856881576
9.59219939526517
9.492099993048841
9.394616754915065
9.294358911942586
9.198689961869242
9.096890021519394
9.008614051755453
8.902235829624654
8.815834803377479
8.70182940183545
8.604034577201595
8.482638238933992
8.371433251559433
8.246391078109637
8.128290006554998
8.00553528686043
7.883340036514913
7.7648407750471655
7.647649814864554
7.531935387789919
7.416673910168633
7.301774194368376
7.191843329594891
7.081050929660445
6.976833576983579
6.862842253313022
6.767708669726535
6.649126441560597
6.561255075677419
6.442301359804366
6.362761399277326
6.240496485664998
6.172394165218086
6.045514900629829
5.985273354005886
5.856141106098229
5.802847283763012
5.669241048122171
5.626070829173506
5.4847557186834095
5.449939656361233
5.303390545992537
5.275266180612443
5.122946982503961
5.029920590827951
4.870190056114724
4.732808313217818
4.5797078888108285
4.452795507805424
4.307998728743381
4.185127742452518
4.045498371131237
3.934461269050962
3.7954823333922123
3.700139075732885
3.5595496577719574
3.483877959073697
3.3398047049478325
3.287417040664062
3.1290229162584104
3.0983430509039587
2.9335771210250425
2.9161903333268544
2.747868734871053
2.7487857341902155
2.568245093844331
2.5888818305499
2.4020155626925344
2.4394817641378457
2.2471127057398275
2.3011665750711456
2.0980686173800476
2.170027755306009
1.9535953473298666
2.0494615949523403
1.8175608276290875
1.9333391462959468
1.6882183795590575
1.8278234707051122
1.5602045213981188
1.7304751725034133
1.4341893237061634
1.6385816868630005
1.3067702492196949
1.551253421119057
1.1861421208272067
1.4807503561543958
