W = 0.1258925497531890.0
1.3308934448819172
1.0217370911026227
1.3628542396463472
1.0402848561137812
1.3956733734237934
1.0591115169454217
1.429379145495263
1.0782184770608736
1.4640001870298631
1.0976091989856571
1.499567956992069
1.1172845927801096
1.5361120557441577
1.1372457583179945
1.5736640901662917
1.1574935835031315
1.6122525799501308
1.1780307232788954
1.6519160721866954
1.1988595564683315
1.6926933450721156
1.2199801557845924
1.7346157190943543
1.2413930092326453
1.7777255922066157
1.263101476538063
1.8220653134268674
1.285104586600961
1.8676759196724686
1.3074023435037498
1.914594780234667
1.3299946316087978
1.9628692105568986
1.352883601450814
2.0125452745434873
1.3760694218738108
2.0636775173699804
1.3995530237744105
2.116320693314511
1.4233328313749278
2.170521107804627
1.447406460726582
2.2263327047325627
1.4717746284087638
2.2838147483755145
1.4964361835668307
2.343036974918821
1.5213906219380553
2.4040648085350456
1.546638230822422
2.4669585942450647
1.5721761095792406
2.53179012376022
1.5980009080865765
2.598631840623607
1.6241133336276974
2.667560352502827
1.6505119354104199
2.738659278452008
1.6771952885703683
2.8120207153047487
1.70415895814478
2.8877236282392396
1.7313987488453295
2.965862028040247
1.7589123306382948
3.04653394921751
1.786698646508586
3.116082462631658
1.8147518653590653
3.14412710221376
1.8430695453036614
3.172430250529992
1.871643581638937
3.200989321450936
1.9004714185132443
3.22980585114255
1.9295455330022677
3.2588732828225884
1.9588624730207573
3.2881883896075066
1.9884170608298004
3.317734246026092
2.0182045282298526
3.3475193459227017
2.0482178635627815
3.3775340958912063
2.078450573889662
3.407777405524367
2.108900744616633
3.43823079307847
2.139557407224774
3.4688914764021095
2.1704156587281678
3.499752468733632
2.201461061503253
3.5308001161436553
2.2326902265007202
3.5620340445562535
2.2640900166182267
3.593427114621325
2.295650889888086
3.624966951601907
2.3273651528801285
3.6566443456808257
2.3592218950623045
3.6884492194630036
2.3912110449746056
3.7203754219260237
2.4233185328117357
3.7524119499141904
2.455531258429405
3.7845411726200004
2.487839053550237
3.8167629414190114
2.5202292675926805
3.8490669755274567
2.5526909833493874
3.8814414874363576
2.585212068525363
3.9138800534306677
2.617788785157961
3.9463771854131906
2.650404430505258
3.97893020979172
2.6830425451924467
4.011528904357875
2.7156894357232795
4.0441539100725725
2.748328557424647
4.076790221357586
2.780943406262753
4.109418739769526
2.813518107863612
4.142022771118231
2.846036883444852
4.174586310713197
2.878487432696688
4.207096292127296
2.9108491098549165
4.239539657476558
2.9431078251707143
4.271888816352387
2.9752390454259805
4.304121466220066
3.0072204670050704
4.336201396128012
3.039044670973088
4.368112517649805
3.070698398282791
4.399831695000037
3.1021646169021797
4.431338938515456
3.133416726876902
4.462610179843542
3.164438853246061
4.493644801214455
3.1952088023502845
4.524422874223418
3.225719207130049
4.554920940401774
3.2559475153274846
4.585147390476469
3.2858758886896777
4.615084857395014
3.3154819576393164
4.644692258890645
3.3447393374226357
4.673953705321756
3.373626417731917
4.702841402296932
3.402126943524658
4.731346779084039
3.430225299231553
4.759441772744872
3.457901228246522
4.787105119088629
3.48513434934597
4.814310615453676
3.511896031668931
4.8410553031584875
3.5381650630489316
4.8673114087577405
3.5639371987194663
4.893065080971177
3.5891940326346736
4.918303360377866
3.613912202660276
4.943009712672739
3.63805821686798
4.967123880737863
3.661625203801574
4.990663248449698
3.6845832539771863
5.013597915953649
3.7069198876338776
5.035890205916794
3.7286192902351285
5.057542151514913
3.7496661273496854
5.078539965254825
3.7700355786090847
5.098844730334796
3.7897185683716215
5.118466154647937
3.808698549058481
5.137391939877891
3.826958728291194
5.155599784542891
3.8444859942160488
5.173066895148288
3.8612512007111963
5.189780691425281
3.877255627779822
5.20573647819782
3.892481474757088
5.2209115835477
3.9069054938109966
5.235289516045308
3.920527194047132
5.248865085127704
3.9333291488216164
5.261601738680733
3.9453038420112114
5.273513744028096
3.9564440203077322
5.284594574145882
3.966738534308543
5.294834261881515
3.9761757989567657
5.304226669339429
3.984737501909715
5.312746348365001
3.992426785849017
5.320377503674588
3.999233374147663
5.32711873388135
4.005151424345576
5.332920558728902
4.010184081002709
5.337779871373356
4.014313570747456
5.341720064575267
4.017544223752236
5.344749202950721
4.019874015728781
5.346845002115301
4.021285676161343
5.347962170620991
4.021778528738091
5.348086606651281
4.021363787703651
5.34718168734006
4.02004400119236
5.345201004330916
4.017825524152486
5.342250579989203
4.01469293705462
5.338288280427957
4.010646394609264
5.333363486449478
4.005708050889964
5.327507957009006
3.999867313969054
5.3207541678105486
3.9931255345979024
5.31309093942598
3.985490584305641
5.304551135407825
3.976973473934857
5.2951452688013365
3.9675982489646238
5.284880495468983
3.9573679638017727
5.273761220894008
3.9462933838345338
5.261795865593303
3.934375778143854
5.2489893011452615
3.921624613121766
5.235367525729942
3.9080548333903105
5.220956305336847
3.8936834328848766
5.205759443321929
3.8785168662173177
5.189780241727237
3.862563971765598
5.1730359856376005
3.845851656656814
5.155524973942222
3.8283804626223414
5.1372865641333965
3.8101642183911735
5.118327130178993
3.79121565027923
5.098662313623681
3.771556134509177
5.078309993014933
3.75120635848413
5.057276116932854
3.7301695034717874
5.035576252903881
3.7084693004073985
5.013243706000095
3.6861280774574574
4.9902982848032025
3.6631653699144313
4.966748263355277
3.6395966178614345
4.942619712311074
3.615448619721558
4.9179486402990005
3.590757602793959
4.8927225608755
3.565518554750396
4.866953492220415
3.5397323099457036
4.840667654025254
3.513436746301608
4.813906565423146
3.4866625553488504
4.786685235779365
3.4594354867659267
4.759020106705515
3.431748981891899
4.730911841353318
3.403625355166704
4.702396751465292
3.375089612727559
4.673493251089297
3.346170756734125
4.644210332979867
3.3168923747590267
4.614607040652743
3.2872811127277175
4.5846652462476545
3.2573349782730725
4.554391203682233
3.2270652282930046
4.523831947900843
3.1965127914364575
4.493002296966669
3.1656950514029383
4.461918606663756
3.134627790831435
4.430585226367453
3.1033322364371094
4.399044454474652
3.0718319726463594
4.367291361522307
3.0401346184603355
4.335351732356811
3.0082614775632357
4.303254017160234
2.97623669901236
4.271030885097244
2.9440943977204217
4.238695346826084
2.911834442143513
4.2062626860935985
2.879477021027039
4.173754114234372
2.8470317650028605
4.141186397758858
2.814513585776684
4.108588822546496
2.7819519241992086
4.075961052543316
2.749363583844814
4.043337744294999
2.716749727575105
4.010724865778845
2.684118611406174
3.97813298258621
2.651495766642816
3.9455754323376144
2.618880273100504
3.9130484514655746
2.5862879897382904
3.880575273506011
2.5537308699803574
3.8481638397369213
2.521228282213084
3.8158336323384683
2.4888008617203514
3.783601962559385
2.4564680776510857
3.7514851906461524
2.424242827575197
3.7194819640494994
2.3921471439603454
3.6876056188264643
2.3601742344496808
3.6558504460252683
2.3283265824728314
3.624240589247675
2.2966298156605727
3.592772803254299
2.26508881120039
3.5614600276891046
2.23371755614503
3.5303235046602426
2.2025243433252704
3.49935080806554
2.1715090114503783
3.468588351590523
2.14069187207485
3.438009885021297
2.1100583290880337
3.407620571448153
2.0796285694152172
3.3774430469434233
2.049399061900382
3.347467474255436
2.019388153726364
3.3177011937518333
1.9895966966087262
3.28815815674689
1.9600426277075287
3.2588432591781857
1.9307234911867657
3.2297465258168034
1.9016359276632178
3.2009027565983486
1.8728058399437604
3.1723207643559825
1.844235310382578
3.1440052755018866
1.8159207094157448
3.1159440456081646
1.7878551288775182
3.0500243525725352
1.7600551411236165
2.9691989532060497
1.7325101268326035
2.890911655071491
1.7052357224435495
2.8150723654886396
1.6782510091284248
2.7416135783184163
1.6515483040535741
2.6703683686226136
1.6251145321877831
2.601275682838603
1.5989609057365766
2.5342858860385085
1.573095890876909
2.469348942080332
1.5475339939860435
2.406365299191611
1.5222579546993857
2.3452468995460523
1.4972644768090313
2.2858903916173277
1.4725613347308324
2.2282606319781717
1.44816071432964
2.1723388152010665
1.4240594222030531
2.118087186090025
1.4002752300990255
2.0654143615557308
1.3767845764239588
2.0141981873868886
1.353576363756112
1.9644280035232065
1.330661802730516
1.9161001316493553
1.3080419102723504
1.8691483904306454
1.285736881425318
1.8235896725975567
1.2637443504242514
1.7792778810988477
1.2420380619885147
1.7361122432259117
1.2206076602280875
1.6941156162067819
1.199476523298864
1.653324310140999
1.1786301851423349
1.613552518108451
1.1580386043301307
1.5748296116412488
1.1377405840797887
1.5372541188878124
1.1177658832784074
1.5007132199119368
1.098104317848015
1.4651119121720866
1.078707323171575
1.4303525914843012
1.0595285595762778
1.3964693835564195
1.0406546315439549
1.363431318763359
1.02207721386501
1.3313225793700434
