W = 0.1584893167018890.0
1.2943349980905057
1.022599015667426
1.3255312222128817
1.0417936554239957
1.3575570355407633
1.0612916072554484
1.3904430159047523
1.0810990706059338
1.4242120935460423
1.1012159159046708
1.4588905064548892
1.1216433516084434
1.4945107228931773
1.1423870810399912
1.531100402778829
1.1634498355719298
1.568691164552754
1.1848316261893412
1.607315891586329
1.206533759804747
1.647003014408437
1.2285612104236867
1.6877896414727873
1.250911177307451
1.7297118393457251
1.2735896542354712
1.772809834323339
1.2965963964599774
1.8171232707410667
1.3199337398510758
1.862688255411501
1.3436043112683191
1.9095481078341154
1.3676076397280803
1.957748283490244
1.3919442512963978
2.0073329549344736
1.416613584235333
2.0583419905999976
1.4416207677380752
2.110834167861334
1.4669603247608565
2.164863985945966
1.4926333556319638
2.220485330318006
1.5186399983882986
2.277756758078505
1.544984562679339
2.336726215002824
1.5716638823486313
2.397456732702605
1.5986798670230993
2.460021581297246
1.6260277849827762
2.5244748865492053
1.6537082920307469
2.5908857192544223
1.6817165639328453
2.6593287438887256
1.7100503389267583
2.7298759243661874
1.7387110264871208
2.8026080775761986
1.767697778604012
2.877613186154636
1.7970029877186473
2.954974749572649
1.826626100941297
3.0347857224773573
1.85656549479611
3.1171336276316546
1.886815983256078
3.179419390799183
1.9173768475584954
3.2099172884604887
1.9482431199791448
3.240682078184072
1.9794114558036715
3.271697716173168
2.0108813628676225
3.302953109408341
2.0426453540249985
3.3344343723554486
2.0746892422887866
3.3661343054484707
2.107011339084737
3.3980387913652357
2.1396018386222595
3.430155672055366
2.1724624381384157
3.4624918282098527
2.2055748686745913
3.495030611244551
2.238931015609444
3.527765116490066
2.272531270631659
3.560704424542921
2.3063631876428037
3.5938423528936516
2.34041420246054
3.6271683773188927
2.3746772793779716
3.6606808451598445
2.409137431398652
3.6943629605972226
2.4437883862363647
3.728230815205594
2.4786142260858672
3.762276010936896
2.513607082515147
3.796479440723606
2.5487501152604555
3.830848838517124
2.5840355792278094
3.865368363788858
2.6194533954987858
3.900041655703696
2.6549881837291296
3.9348517666897833
2.690627286661197
3.9697939437278364
2.7263532530628853
4.004872494507386
2.7621583216742467
4.0400746070338
2.7980293597026415
4.075404693583237
2.8339456026427357
4.110847333786875
2.8699018595782637
4.146393518466351
2.905869367136423
4.182036024155035
2.9418265350905894
4.217769342531651
2.9777592065733556
4.253572501940371
3.0136430110678716
4.289433967041687
3.049464066087102
4.32532141329223
3.085203537233557
4.361220349461446
3.120853744633261
4.397104305688748
3.156385871713836
4.4329763255105785
3.1917865827060705
4.4688298472329295
3.2270394758884193
4.504642052777842
3.2621099699007092
4.5403799217986185
3.296983172747229
4.576045093352112
3.3316457801824226
4.611576894378616
3.3660521085925783
4.6469788318966305
3.4002026130731466
4.682212289337339
3.4340687866125332
4.717209322907185
3.467618947177128
4.7519308771406985
3.500825087260348
4.7863656994771935
3.533670162399206
4.8204578722958455
3.566125653553726
4.854123324327586
3.5981699546475823
4.887179102553021
3.62978099701428
4.919604797665181
3.66094258198623
4.951334102777812
3.6916325052439385
4.982343802594221
3.721822907047339
5.012697798714104
3.751479626956984
5.042437745386116
3.780590090865911
5.071586357985162
3.8091486874397846
5.100157768655055
3.8370980972548523
5.1281107571762
3.8644260022632917
5.155419010120609
3.891103753768106
5.182100151459783
3.9171132248573928
5.208120671129852
3.942446164583809
5.233458672778223
3.9670839955478714
5.2581017178552
3.9909824092669868
5.282010368291618
4.014130694975985
5.305181510525103
4.036525684743705
5.327590997108863
4.058107076912203
5.349194214126944
4.078896506264233
5.370013185069972
4.098844009047756
5.390000912931167
4.117970206122542
5.409172750102713
4.136238002143852
5.427505139269738
4.153615321847579
5.444957810597574
4.170085137278754
5.461498217749299
4.185645985205511
5.477113758485802
4.200289992167136
5.491805593173648
4.2139806691873805
5.505520302018077
4.226689117216467
5.518248283167212
4.238401054183849
5.529995173179814
4.249130194202034
5.540763856869805
4.258884959782224
5.550558468914053
4.267617915802663
5.5592914452047095
4.275341478945646
5.567021518779416
4.2820552900635125
5.573738615461001
4.287755501249235
5.579390598517732
4.292413471035756
5.583926497948253
4.29602087670656
5.587317413465683
4.298608266630952
5.589582826617253
4.300146161147938
5.590610829715153
4.300629513835526
5.590419298245317
4.30006888478878
5.589076394515244
4.29846060108501
5.586624555509086
4.295807527854902
5.583049517579517
4.292117913761976
5.578440812657949
4.287387851488957
5.572745969183392
4.281632498159598
5.566029878551284
4.274846455850879
5.558276328779646
4.267056045056699
5.549503356843386
4.258239718944416
5.539704113713184
4.2484280254357145
5.52891809162428
4.23761997382957
5.5171549850977915
4.225834991400289
5.504465767821074
4.213100816010552
5.4907924272580955
4.199395659899712
5.4761870642656385
4.184770505653038
5.460684114635152
4.169211548740321
5.444263507445642
4.152746187430773
5.426956182344178
4.135384762464188
5.408732505704331
4.1171520885609905
5.389652339259504
4.098050166425667
5.369707492490064
4.078084308226706
5.348900884067998
4.057289135665178
5.327279157936159
4.035647929137275
5.304924161980315
4.0132538645764
5.281803788758883
3.9900805495267684
5.25796583142694
3.9661601568019886
5.233416033156344
3.9415196870669926
5.208180225139483
3.916188111559464
5.182272023397084
3.8901647663257126
5.155656504525533
3.8634592453658496
5.128395610145153
3.8361204393397674
5.100513997024322
3.808171675300111
5.072085315296357
3.77965858670273
5.043105578367887
3.7505778774639755
5.013504904506145
3.720953720491654
4.983271147667777
3.690804236260919
4.952376237321267
3.6601432049973095
4.920719584379647
3.628993893749037
4.8883135516764
3.5973880882720817
4.8552093257989295
3.5653629000264213
4.821558903846937
3.532927738512664
4.787508059734964
3.500118853563573
4.753060117088922
3.4669475152558378
4.71831521322577
3.433455310608365
4.68334830461517
3.3996468107571602
4.6481451119385
3.3655437654433165
4.61271209769252
3.3311594544881333
4.577066242778771
3.2965428352005484
4.541288431847843
3.261682646303028
4.505427347538949
3.2266385045213735
4.469521025913732
3.191416465471396
4.433564444965754
3.1560440783482395
4.397619436221617
3.120516185682039
4.361659072417388
3.084871990576031
4.325722235125494
3.0491134074189628
4.28982888052169
3.0132838973394627
4.254000373084031
2.97739368650229
4.218225682879625
2.941474849389971
4.182508061277368
2.9055359337466706
4.146840971357273
2.8696067756193906
4.111239838640997
2.833672522937419
4.075722531010608
2.797744630086701
4.040292336225833
2.761855270936345
4.004964761605329
2.7260148766254813
3.9697738897151824
2.6902454885977196
3.9347167194598063
2.6545592463766012
3.8998234588932914
2.618991392536691
3.8650797023990418
2.583544854860199
3.830494433115452
2.5482264395680154
3.796080440403959
2.5130622191220167
3.761844135498096
2.4780774538308417
3.727810156468917
2.44327021184136
3.6939606518298587
2.4086659516808933
3.660287340882044
2.3742465625879596
3.6268285293772125
2.3400548021719016
3.5935652776627207
2.3060776215749135
3.5605127478602707
2.272327001826797
3.527648197838843
2.238792777923312
3.4949731890512066
2.2054806040600137
3.462495741588536
2.172432117129544
3.430220653454492
2.139643199549529
3.3981342351425288
2.107096641273856
3.366268143162329
2.0748149979121275
3.3345954806882596
2.042810596753435
3.303144352043033
2.0111028668485456
3.2718996288158255
1.9796637024736277
3.2408752475137117
1.9484925968645772
3.210083239447409
1.917609360364925
3.1795678961811347
1.8870235259706674
3.119003326662696
1.8567409844723037
3.0365423582504265
1.8267775537790507
2.9566262536648042
1.7971265243832146
2.8791130991108007
1.7677867326701482
2.8039391699958034
1.7387785342316258
2.7310185677394636
1.7100908790772655
2.660278201795488
1.6817456191673075
2.591678930211825
1.6537362678691014
2.525145921744726
1.6260864915482045
2.4606377972259286
1.5987662630012838
2.3980508266245897
1.5717822938275885
2.3372442056886173
1.5451148867743443
2.278225153614934
1.5187834788783672
2.220943441645113
1.4927611506356977
2.1652785928863736
1.4670822065136053
2.111168707963277
1.4417393949771082
2.058580086923738
1.4167607850532054
2.0074389340961942
1.392094748138749
1.957815696932589
1.3677747295868499
1.9095480248286945
1.3437870357358392
1.8626085985449596
1.3201357499410082
1.816982643364761
1.2967874117329075
1.772641078822426
1.273749080732044
1.7294728288918824
1.2510370259531858
1.6874479602052532
1.2286228172304532
1.6465772507385716
1.206592535817921
1.6068600276612002
1.1848602344117853
1.5682782002222417
1.1634642011485568
1.5306849086152001
1.1423706553958601
1.4940420676295763
1.1215278756025508
1.458324512543608
1.100947458603543
1.4234229474546325
1.080754854691726
1.3895334437391844
1.0609694879444465
1.3566646928228625
1.0413299902786435
1.3243935566039804
1.0220759200504843
1.293412118596797
