W = 0.000000000000000E+0000.0
1.4061876443649368
1.0170816525613462
1.4398488663067253
1.0343960501683773
1.4744349329596427
1.0519441741788724
1.5099766244734276
1.0697268812110154
1.5465060290128767
1.0877449381460003
1.5840565557778046
1.1059990104384854
1.622662985205823
1.1244896608294406
1.6623616005974016
1.1432173491465536
1.7031902445859504
1.1621824163631913
1.745188390534665
1.1813850954961258
1.7883971921156232
1.2008254941814729
1.8328596190490039
1.22050359415321
1.8786205425623739
1.2404192544837924
1.9257268703993577
1.2605721908714547
1.9742275912019807
1.2809619838863364
2.0241739932328593
1.301588074361397
2.0756195970946814
1.3224497454191182
2.128620529747386
1.3435461317437556
2.183235478038039
1.3648762106415102
2.2395259190289742
1.3864387915531406
2.2975562801723437
1.4082325201524202
2.3573940501709316
1.4302558617781138
2.4191101238760995
1.45250711163906
2.4827787204769134
1.4749843761666999
2.5484778322686825
1.497685573801977
2.6162894429515435
1.5206084318971027
2.686299585124265
1.5437504759423009
2.7585987654212807
1.567109034436589
2.8332821395538863
1.5906812224906437
2.9104498335481486
1.614463943389667
2.9902073946392558
1.6384538842718883
3.0446415180618684
1.6626475166189238
3.068835149180102
1.6870410740890052
3.093228706852192
1.711630567678026
3.117818201351871
1.7364117729450053
3.1425994064373644
1.7613802247811212
3.16756785936571
1.786531216826106
3.1927188511734834
1.8118597956188942
3.218047428439156
1.8373607527527833
3.243548385720388
1.8630286383054488
3.2692162720486064
1.8888577340388106
3.295045367403914
1.914842073789214
3.321029708346269
1.9409754117154978
3.3471630447368628
1.967251254432285
3.373438887712884
1.9936628330833508
3.399850466349565
2.0202031026200657
3.42639073638838
2.0468647716624804
3.4530524045299584
2.0736402487543986
3.4798278816189137
2.100521679215792
3.506709312490127
2.127500946848622
3.533688578409653
2.154569640692804
3.560757273945693
2.1817190914573907
3.5879067241599287
2.208940354217112
3.615127987031748
2.2362242064546596
3.642411839680331
2.263561154035456
3.6697487869032464
2.290941437256329
3.6971290702773314
2.318355028842588
3.724542662411394
2.3457916262116165
3.7519792582901994
2.3732406884312165
3.779428320302948
2.400691393516562
3.806879027055561
2.4281326709022317
3.8343203019886105
2.4555532040101737
3.8617408339337667
2.4829414368472746
3.8891290674911296
2.5102855585374297
3.916473188651564
2.5375735417576006
3.943761172795855
2.564793126589725
3.9709807581061405
2.5919318348037654
3.9981194659028154
2.6189769692149913
4.025164601817919
2.6459156447805126
4.052103275501359
2.6727347770857817
4.07892240715445
2.699421089372166
4.105608719973637
2.7259611386860487
4.1321487696697545
2.752341312174273
4.1585289415032385
2.778547847974589
4.184735477231883
2.8045668473284047
4.210754475703067
2.830384281593401
4.23657191224825
2.8559859856372776
4.262173613073733
2.881357730121206
4.287545358573796
2.9064851612521396
4.312672791150837
2.9313538511876294
4.337541480066934
2.955949336327271
4.362136964778308
2.980257097855117
4.386444727221199
3.0042625644474605
4.410450194167431
3.0279511881525423
4.434138817745548
3.0513083859948678
4.457496016022512
3.0743196204756345
4.48050724742519
3.096970376842024
4.503158004022712
3.1192462105689165
4.52543383797315
3.1411327265093996
4.547320355426142
3.162615630530718
4.5688032587263026
3.183680725844773
4.589868353317378
3.2043139555369202
4.610501582630512
3.2245013947064614
4.630689019090289
3.2442292915161377
4.650416917933542
3.2634840504717904
4.669671677114106
3.282252304966754
4.688439930979046
3.3005208970319786
4.706708525078978
3.318276895336281
4.724464522350894
3.33550763403459
4.741695257836187
3.352200716719786
4.758388342614104
3.3683440338488797
4.774531659807092
3.3839258000598895
4.790113424630562
3.3989345448349177
4.80512217045512
3.413359130729549
4.819546754395727
3.4271888181868495
4.83337644511915
3.4404132104748353
4.8466008361850195
3.4530223194221548
4.859209945416851
3.4650065643188666
4.871194188210139
3.4763567925626377
4.882544420334223
3.487064296912316
4.893251918805119
3.4971208012804498
4.903308426871907
3.5065185307348816
4.912706153112372
3.515250164103454
4.9214377892433525
3.523308862738521
4.929496486134275
3.530688336402948
4.936875958267912
3.537382763655856
4.943570384438287
3.5433868541179283
4.949574473715218
3.5486958818958634
4.954883504453722
3.55330560922463
4.959493231495524
3.557212390806848
4.963400012272625
3.5604131085600357
4.966600724121292
3.562905209984954
4.969092827400467
3.5646867104755526
4.9708743276560075
3.5657561759040632
4.971943795254809
3.5661127644990156
4.971943795563484
3.565756175864913
4.9708743288070565
3.5646867118848475
4.969092827495579
3.562905209376416
4.966600726434925
3.560413109901513
4.963400013345996
3.5572123919727727
4.959493231223134
3.553305608174374
4.954883505693536
3.5486958821146737
4.949574477228172
3.5433868557830803
4.94357038767741
3.537382764672844
4.936875960949901
3.53068833877009
4.929496488138478
3.5233088633912772
4.921437788661025
3.515250164129184
4.912706152853787
3.5065185310214804
4.903308427288334
3.4971208024185563
4.8932519178559595
3.487064297260647
4.882544421165302
3.476356793120653
4.871194186952115
3.4650065632441955
4.85920994592457
3.453022320842375
4.8466008344131035
3.4404132092313504
4.833376445880679
3.42718881884574
4.819546753288262
3.4133591300745447
4.805122168638752
3.3989345430706495
4.790113425176689
3.383925800927557
4.7745316580371995
3.3683440321676468
4.758388340980637
3.352200714592448
4.741695258012951
3.3355076343450154
4.7244645232034745
3.318276897107768
4.706708527159445
3.3005208994065303
4.688439930912636
3.2822523050925683
4.669671677500673
3.263484050119235
4.650416917123444
3.2442292903986094
4.630689020572528
3.224501395501602
4.610501582404967
3.204313954959166
4.589868355404056
3.183680726492235
4.568803259299611
3.1626156312797233
4.5473203566758125
3.1411327267401363
4.5254338407227115
3.1192462112283055
4.5031580063347985
3.096970378001679
4.480507246491448
3.0743196176658505
4.457496014470611
3.0513083843687783
4.434138817321845
3.0279511878656566
4.410450195394628
3.004262563723731
4.386444727122163
2.980257097196809
4.362136967702245
2.9559493369413645
4.337541481132293
2.931353850686535
4.312672792342524
2.906485160465424
4.287545359453227
2.8813577294477577
4.262173615377798
2.855985985761703
4.236571913634209
2.8303842812983397
4.210754477611088
2.8045668474847756
4.1847354790634235
2.778547848529444
4.158528942989437
2.7523413122923563
4.132148770836785
2.7259611384040863
4.105608721843399
2.699421089481931
4.078922408916535
2.672734777491953
4.052103276588403
2.6459156446762297
4.025164602306252
2.6189769692756038
3.9981194664116764
2.591931834510391
3.9709807591096027
2.5647931269072406
3.9437611732196127
2.537573541792937
3.916473189370258
2.510285558733171
3.8891290677130703
2.482941436808125
3.8617408339337707
2.4555532040061148
3.8343203017476717
2.4281326706914905
3.8068790267816524
2.400691393619417
3.779428319720124
2.3732406880244468
3.7519792570854795
2.3457916259734364
3.7245426621787265
2.3183550290858217
3.6971290697389567
2.290941437534894
3.6697487856762736
2.263561154168153
3.642411837868131
2.2362242064049287
3.615127985424184
2.2089403543019035
3.587906723202069
2.181719091739051
3.5607572741057365
2.1545696421268694
3.533688577875734
2.127500947859401
3.5067093102397795
2.1005216784320555
3.47982787983163
2.0736402489561887
3.4530524022380242
2.0468647716629653
3.426390734229705
2.0202031023056986
3.399850464268623
1.9936628328631318
3.3734388866625498
1.9672512547533367
3.3471630430092274
1.940975411247264
3.321029707466274
1.9148420736470242
3.2950453680157126
1.8888577343448891
3.269216270816183
1.8630286362445674
3.2435483823033615
1.8373607501449363
3.2180474296469344
1.811859796931036
3.192718850028629
1.7865312171522962
3.1675678586209557
1.7613802252906618
3.1425994067320513
1.7364117731440816
3.1178182007555106
1.7116305680987287
3.0932287073472984
1.6870410746376288
3.0688351494551624
1.662647517360956
3.044641517786598
1.6384538832872744
2.9902073990587117
1.6144639430899344
2.910449829265199
1.59068122276651
2.833282146280111
1.567109036294759
2.758598769662231
1.5437504776468935
2.6862995815170656
1.520608431774284
2.6162894431763117
1.4976855732657832
2.548477828277423
1.47498437545215
2.4827787264395242
1.4525071112957715
2.4191101354225046
1.4302558599783384
2.357394055589023
1.4082325202696668
2.297556281929893
1.3864387912067253
2.239525917157908
1.3648762104908845
2.1832354734036556
1.3435461330775729
2.1286205342095803
1.322449744441336
2.075619598481889
1.3015880751632416
2.0241739932891893
1.280961984572737
1.9742275865385195
1.2605721914452432
1.925726872053428
1.2404192553774642
1.8786205367933393
1.2205035930582313
1.8328596118239815
1.2008254949614263
1.788397189064558
1.181385096666508
1.7451883921277802
1.162182416968757
1.7031902500593386
1.1432173513100914
1.6623616051616288
1.1244896607883514
1.6226629814786155
1.1059990086276343
1.584056561898531
1.0877449410933715
1.5465060419632708
1.0697268825452382
1.5099766225989055
1.0519441749684082
1.474434928725842
1.034396055549738
1.4398488692083664
1.0170816537017888
1.406187646485486
