W = 0.1000000014901160.0
1.3547749709981558
1.0192737620316645
1.3872627931172876
1.037368299873639
1.420631027384343
1.0557254620259577
1.4549088479183614
1.0743464494413946
1.4901226692681422
1.0932326513901436
1.5263051943323864
1.1123851647284315
1.563487916101416
1.1318057391751568
1.6017046529571706
1.1514956204209228
1.640989638175877
1.1714554632342231
1.68137752890706
1.1916858961347314
1.72290571181337
1.2121871418047385
1.765615591303154
1.23296048907477
1.8095463567032255
1.2540073639257339
1.8547413495909508
1.2753267807700535
1.901244340769294
1.2969195617631555
1.9491027828224508
1.3187852253554544
1.998362811730134
1.3409244752559144
2.0490762772197004
1.363336750235875
2.101295421418751
1.3860212082183092
2.155073525302812
1.4089768292187759
2.210468060451753
1.4322026172921827
2.2675376120834536
1.4556984406912559
2.3263471873411152
1.4794632678880701
2.3869644349146424
1.5034950529589075
2.4494542797759378
1.5277925634046703
2.513888363325938
1.5523545138280455
2.5803418213771314
1.5771791712364671
2.6488946932418074
1.60226394299493
2.719626503137676
1.6276087098319245
2.792628059890604
1.653209252404458
2.8679941258681865
1.6790618042034342
2.94581943485838
1.7051647801715057
3.0262014971015394
1.7315123331555369
3.085804225826996
1.7581030754420592
3.1123871992839045
1.7849325937196456
3.139209571953556
1.811994754205066
3.1662697610868897
1.8392864278211654
3.1935607013395555
1.8668024400876209
3.2210710462592274
1.8945384719856433
3.2488014868067228
1.9224868096200236
3.276744070433045
1.9506425465338493
3.3048974943672293
1.978999132140274
3.3332495172201786
2.007549969825887
3.361795568040074
2.0362917742460644
3.3905322721945157
2.065215701578429
3.4194502640464397
2.094311201079731
3.448539967588739
2.123573561328095
3.477797800349327
2.1529944366055753
3.507211163459049
2.18256807720062
3.536772953732559
2.21228383805402
3.5664793868584
2.242132778759556
3.596318444785842
2.2721069904156015
3.6262844949557076
2.302194406375083
3.656361599549901
2.332386329764736
3.6865360904038957
2.3626709624418902
3.716801397351149
2.3930390941951925
3.7471512361313684
2.423476451830626
3.7775720069371235
2.4539744008351634
3.808050800154384
2.4845234640828884
3.8385774382339153
2.5151044270511744
3.869136470082396
2.545707223992401
3.8997203088306938
2.5763262567471736
3.930321498278525
2.606944916862674
3.9609220823804883
2.6375507475263893
3.9915103759622697
2.6681255012633223
4.022072519639062
2.698656430465312
4.0525872513740175
2.729129720845271
4.0830431201348905
2.75953278292657
4.113423767457491
2.7898482859877363
4.143724482747817
2.8200629644172848
4.173928791278932
2.850164361478147
4.2040125591769595
2.8801317175966688
4.233964503584206
2.909949726970889
4.263764693514469
2.939598857429263
4.293397085254929
2.9690643266060026
4.322846525272559
2.9983276510384798
4.352102506917798
3.0273750361574763
4.381132736802886
3.0561905642982192
4.409949760891889
3.0847542683316496
4.438506787913268
3.1130510692694604
4.466803550539227
3.1410608557725443
4.494807977519723
3.16877227659458
4.522517779181169
3.1961617158289775
4.549914422351232
3.2232130250790876
4.576969520147975
3.24991257094684
4.603672713984839
3.2762408371282166
4.630012609139217
3.3021762102716035
4.655952790306004
3.3277044977493055
4.681475114507804
3.3528097579989327
4.706577239978271
3.3774762119671244
4.731240804330988
3.401679059573391
4.755437580755319
3.4254018432626308
4.779152830207569
3.44862758717198
4.802364136510807
3.471342617529556
4.825068466012031
3.493521982348894
4.847241327697903
3.515153358106378
4.86886044737301
3.5362260106302212
4.889909236741546
3.556722227146952
4.910381077657387
3.576625385305058
4.930266054948112
3.595920310699017
4.949549956116658
3.614586970522873
4.968206506182543
3.6326097988458583
4.986223762385208
3.64997819021523
5.003577725197714
3.666677958226035
5.0202609563282
3.682697221847067
5.0362654677170156
3.698027926024882
5.051586477025728
3.712656049718381
5.0661951069275055
3.7265697204039707
5.080095822941405
3.739745852983445
5.093271925412093
3.752178906953716
5.105695575968881
3.7638617600809856
5.117379786569504
3.774785739945525
5.128310287255479
3.7849389250168026
5.138466285233907
3.7943149159477128
5.1478512894177815
3.802904628981381
5.15644513245075
3.81069004814587
5.164228867799763
3.817665506377513
5.171211823920858
3.8238213433752195
5.177370330614061
3.8291645734710062
5.182712615569046
3.833688767023575
5.187236242224481
3.8373803889873366
5.190931568498417
3.840236481071189
5.193784682675206
3.8422701307300655
5.195713403458105
3.8434773630611603
5.196639219188942
3.843851519803947
5.196559688316962
3.843400443232458
5.195532228242873
3.842113008202277
5.193590803486875
3.8399940889275377
5.190701966082644
3.8370374879973252
5.186965274452946
3.8332664952601876
5.18239266003096
3.8286771392831254
5.176999972367285
3.8232777131212328
5.170790977510663
3.8170629757083887
5.163782953038566
3.810047202341808
5.155967421210152
3.8022325112539375
5.147367448104382
3.793624078103364
5.1379955789040315
3.7842316926503448
5.127824931554466
3.7740575878239224
5.116880790057964
3.7631068203382365
5.105177583553664
3.751389040568877
5.092705720075695
3.7389126310767264
5.079504120875398
3.7257047553742164
5.065576588384931
3.71177372829308
5.050924275442218
3.6971223005627936
5.035574662056137
3.6817630390746943
5.019522016202483
3.6657092919757495
5.002792921740171
3.6489720114363027
4.98542119427581
3.631569250051729
4.967401975899714
3.613515810340419
4.94874852113499
3.594830466496264
4.9294577579546965
3.5755140765751774
4.909550106140299
3.5555894050624492
4.889035070126303
3.535073745490099
4.867947581925241
3.5139842300808355
4.846312318989365
3.492334005297258
4.8241434197730575
3.4701368173094553
4.801453147249808
3.447418704928829
4.77824187992673
3.424183482574142
4.754517725711447
3.400449722579086
4.730338853739807
3.376244501945007
4.705715204699008
3.35158148504072
4.680638316852042
3.3264717580806744
4.655137556413533
3.3009366515881133
4.62923680574486
3.275000946712868
4.6029450581542255
3.248672556209388
4.576268249218837
3.221970008781634
4.54923737166178
3.1949090103215223
4.521849648937274
3.1675100675626457
4.4941522336747015
3.13979294474554
4.466137868410185
3.111762380128274
4.437821335853361
3.0834428862577936
4.4092499009710355
3.0548575022244076
4.380444258120199
3.0260295097627696
4.351382588402407
2.9969692143587525
4.322113202585869
2.9676961452497936
4.292650332272994
2.938232380260098
4.262998215996517
2.90859014138554
4.233189314043124
2.878790408848548
4.203215735005746
2.848838033560583
4.1731163931934825
2.818757673802585
4.142901036700788
2.7885544058369574
4.112576627864733
2.7582550930040957
4.082170905745275
2.7278749009481174
4.0516873539328415
2.697417492372825
4.021151416858354
2.6669020846466944
3.9905701207465976
2.636342284925856
3.959965200049885
2.605758937301995
3.929343030427325
2.5751543355902258
3.8987268873930487
2.544551658627111
3.868108433874506
2.5139517971392893
3.8375202925053737
2.4833834875496654
3.806973602355692
2.452860712706433
3.776492165990499
2.4223829514223083
3.746067326075316
2.391964928919201
3.715721343387711
2.3616298467554917
3.685462921304203
2.3313748377095567
3.6553002157878085
2.301208392003228
3.62523754595048
2.2711476027083575
3.5952939516522497
2.2411967648258133
3.5654696248106164
2.211372959374309
3.5357763569253646
2.1816837020516346
3.5062227688538794
2.1521318746590516
3.4768210244895865
2.1227300256956
3.4475835617490236
2.0934865398769964
3.418509380799313
2.0644135490621807
3.3896165744480804
2.035518050017504
3.360901136622908
2.0068045977214313
3.332363351072384
1.9782771379050317
3.3040257240077455
1.9499480733678825
3.2758916974560797
1.9218237619669654
3.247955097682734
1.893906787817199
3.2202511863504264
1.8662093011579581
3.192765952617139
1.8387311915220175
3.165508171746826
1.8114717809404115
3.138487187691814
1.7844376372722808
3.1116951550647443
1.7576389814410054
3.0851386052167884
1.7310772474171048
3.0261014430763904
1.7047517607385585
2.9456968172686566
1.6786743220865425
2.8678575593346727
1.652839410998655
2.792461207829104
1.6272599257341613
2.7194035866767874
1.6019271593075983
2.6486257893598415
1.5768386315127427
2.5800430332278443
1.5520023514232155
2.5135741050289924
1.527425615887836
2.449136611524562
1.5031121421166214
2.3866355081329877
1.4790613673300463
2.3260110076598477
1.455282210830532
2.267169542441334
1.4317686859568373
2.210069263404606
1.408530218279791
2.1546547282213355
1.385570449923461
2.1008597199149177
1.362890383405991
2.048638428153506
1.3404823232277083
1.9979271483464405
1.3183511712223541
1.9486544785912379
1.2964852326641858
1.9007973178122952
1.2748998132672125
1.854272229149376
1.2535790481021698
1.8090480809765013
1.2325359275026824
1.7650854279449066
1.2117549827469065
1.7223459885306287
1.191247484637179
1.6807644046171368
1.1710206930661233
1.6403531272900689
1.1510781249158473
1.6010690573413207
1.131400384542949
1.5628661596762976
1.11198898842668
1.525671086687259
1.0928304652872596
1.4895025705789422
1.0739475234578244
1.454288053266792
1.0553282923771359
1.4201453371771218
1.036986060225986
1.3869404373924716
1.018882448239805
1.3549401238629324
