W = 1.584893226623540.0
1.7195807626201192
1.3118880117247893
1.805085761559605
1.5063730217480387
1.912973409934758
1.7054353999793264
2.0486718720537653
1.9129218350463535
2.206352291333085
2.1285842494422766
2.384723969335644
2.354005073347372
2.5832727075168713
2.591031372553604
2.8020653823836827
2.8420460942522348
3.040482808279936
3.109689694692883
3.302113247296169
3.3951744166714204
3.5871408977940966
3.7023374378048284
3.8961034581744576
4.033443874524867
4.230368254422818
4.3891149348183305
4.59343000119875
4.775284301857758
4.987888935474946
5.1893472392459685
5.410206394413504
5.5927417920268505
5.784917929702441
5.898311117963827
6.059082239500135
6.168929417690912
6.32599931736729
6.44446240559008
6.603044490599761
6.7296506955790845
6.889493568392729
7.025777369401149
7.187090034461465
7.3318135839636
7.4971090037091805
7.649253649082199
7.817712149722743
7.977693609353666
8.151691202173087
8.321374150410714
8.502070025532888
8.678132049961333
8.864379198841341
9.043547714261427
9.232908038130587
9.40406236387697
9.582431926296021
9.737771590613088
9.901441362667125
10.047284190391448
10.20030770737414
10.344404350053917
10.496103831552759
10.642809935361052
10.79802179357375
10.94857674721312
11.106678051335997
11.26261662675578
11.423550424850607
11.584662275963442
11.749317589840366
11.914414822574338
12.083732182942603
12.25292727822517
12.426303801356019
12.600643872403202
12.77483680484139
12.948745167404415
13.120470055771687
13.291201324549725
13.456624903188597
13.62170134517048
13.784461641346445
13.940663456738294
14.099194209551712
14.252088407235382
14.406680604047555
14.561042001626516
14.717309956938374
14.874223425940539
15.031964929817928
15.191982909068404
15.352515302101546
15.515991702542667
15.679407463436428
15.846984600658772
16.01302815859027
16.182488981430208
16.35127898497834
16.52123096821621
16.689600162880836
16.85958003927732
17.026794936374912
17.19379073421266
17.360083340235175
17.52381925121924
17.68740779372727
17.8479042992836
18.007599407942667
18.166311810274195
18.323464783668324
18.481872994854943
18.64025023377631
18.79973934102471
18.9588827372543
19.11969091882599
19.281447462832453
19.44482659765659
19.608914274189647
19.77425961603174
19.94137700880461
20.10763049804391
20.27500369895581
20.44199446429381
20.609774769936358
20.776790386772454
20.942867883320474
21.109431231039334
21.273959196881037
21.43890559587726
21.600991641924495
21.763622431906807
21.92531897836221
22.08560315484939
22.245453462279166
22.40585849427605
22.565170081654813
22.72559983615528
22.88641344451343
23.04831477721717
23.210514530930663
23.374081394340976
23.53914646034041
23.704219522373638
23.86998917946776
24.03691444959403
24.203541518353706
24.37000218474884
24.536149879925446
24.702542611651324
24.868309614416308
25.033910031061737
25.19917416329933
25.36354572211225
25.526212294578716
25.69032232471832
25.851937100623868
26.015184540880153
26.175852416529136
26.339409816776776
26.49984915220951
26.66331345944823
26.824786309459505
26.988053015358116
27.151325935533727
27.31438833536475
27.479240950912402
27.643527141425523
27.809449327095944
27.974564380667935
28.14034799647041
28.30575418230304
28.47105158275114
28.635236579936105
28.800672861675558
28.964024242831204
29.1285649269648
29.291662115758733
29.455015618051608
29.61844938095961
29.78055039084667
29.943839974987004
30.105807167515845
30.2687987502206
30.431661944264697
30.594650991068843
30.75782785964992
30.92080178260243
31.083853458214293
31.24721599549106
31.411196370892426
31.575738762585203
31.74017403268593
31.90524282548919
32.06958613476077
32.23442159340978
32.39910967009169
32.56318554253342
32.727772519190964
32.89184511962322
33.05556845052798
33.219219892203405
33.3819767121323
33.545490306768016
33.708575255867544
33.871479250600686
34.03511763922671
34.19731988874838
34.361001834921026
34.523101290795026
34.6869812753131
34.849689142723356
35.01327414357563
35.176663855898596
35.34067532436073
35.50497407503833
35.6696265656387
35.83407762288775
35.999392976597065
36.16385304205129
36.32875288152411
36.493631739218415
36.657646101738955
36.82204222456907
36.98640913673606
37.15066644449255
37.31459329729285
37.4780967965042
37.64212750533619
37.80525410304061
37.968949569241715
38.13223998921855
38.29559366482721
38.458925686336755
38.62151537665056
38.784581511057354
38.94767370151554
39.110546240119184
39.2745727416204
39.43844729199406
39.60269694048242
39.76677645650701
39.93049060103511
40.09445669425714
40.25876063889874
40.422160426942334
40.58539079024034
40.720377995351996
40.763014142211475
40.667646980644655
40.50596360242148
40.34351127035472
40.17945340618439
40.01708310795808
39.85256082940409
39.68957754126358
39.52534227471993
39.36171660877695
39.19716322625973
39.03378186093991
38.86991579007221
38.70638040110648
38.542132578472064
38.37806107655989
38.21436723852283
38.04997456809861
37.887288559854696
37.72409138978558
37.561724874754866
37.398846359736346
37.236860882181496
37.075101159991576
36.912987096790786
36.75031747223864
36.58875798369339
36.426223497044376
36.263554073769996
36.100649439771395
35.937508335276675
35.774761868424235
35.611117817666766
35.44804936907709
35.28430086488659
35.120765758791634
34.957089291175016
34.79324906408845
34.62901946923383
34.46581305909808
34.30175300863156
34.139649473037096
33.976103761688705
33.81412863428388
33.65145868106816
33.49024844608448
33.32863362771088
33.16752092223467
33.00539774720457
32.84294767815615
32.680594733554265
32.51769882707603
32.35473241035485
32.19131459147296
32.026748259978014
31.863213699980548
31.697704095902775
31.53368678914393
31.36860846761427
31.204506700943316
31.041008829387312
30.876975004420068
30.712557105570262
30.549664542900512
30.386631484460636
30.2251052111611
30.064102270810455
29.903962528535253
29.74344857717624
29.58167390036367
29.421007970490013
29.259290361749773
29.098575678163687
28.93642385440507
28.774007884428244
28.610886665471398
28.44722378594425
28.28275135711741
28.118034056378974
27.952548537381233
27.78835147111562
27.623649643652296
27.458133799486156
27.29523006725215
27.130319714392353
26.967275968985774
26.804555354853708
26.642115049960207
26.482257814621367
26.321154237138373
26.162082682571363
26.00191181098173
25.84316504583334
25.68441347944058
25.522605820333464
25.364180459237247
25.20172457314555
25.042696632870502
24.88150453077978
24.720623751108395
24.559490408154662
24.39591831696477
24.23210010819963
24.06835632244664
23.903577158147684
23.73861369161248
23.573729824066096
23.409418984230214
23.245378102558572
23.082898076332164
22.91978429902191
22.7589482717416
22.597038320608917
22.438241864515664
22.278224291359983
22.118862063227628
21.96173468737274
21.801937597040833
21.64392714230826
21.484291933854024
21.3238889702167
21.16345259784753
20.999966362596236
20.83884836932905
20.673115268967837
20.509980555711547
20.344157228036572
20.179250899677665
20.01152623574091
19.84480378048018
19.67808997112535
19.513067231258837
19.348730129004537
19.185751735534765
19.023885920434072
18.86306995302216
18.70261009491954
18.544573831400914
18.38563213766574
18.230651526057564
18.073297574757007
17.918135887153007
17.761103201382156
17.603298779983383
17.445177508523876
17.285834497247485
17.124141342552903
16.961072101780324
16.794348142207344
16.630663751573277
16.461945622781073
16.295377582953588
16.126870923337897
15.958652828358465
15.790724523717275
15.62698073945173
15.459212573553293
15.299081534889256
15.13501771294713
14.977021152178649
14.817305737348754
14.660957017842419
14.504744876485109
14.35218873326121
14.196516805740535
14.046066389043707
13.888771512521808
13.740530061899603
13.58666696925307
13.425844149035846
13.268969417741758
13.10007158564603
12.935787682711519
12.76526409412177
12.593697718661723
12.421820759294496
12.251084022483994
12.083073473979855
11.913841494797575
11.748328814644644
11.581699846968203
11.417447462606589
11.255644619924354
11.093701403764777
10.935940519291982
10.777957200438232
10.626560154988082
10.473211210547163
10.32661546419508
10.17717646253013
10.03343696458542
9.885513288327244
9.743466364325192
9.586054996703565
9.439599122223024
9.267164533182278
9.09137335462301
8.91617022270341
8.728001532900326
8.56125755619736
8.375442723868499
8.205141057955005
8.035947440364565
7.8626851304606395
7.697166558764385
7.526073635396115
7.369542842113584
7.208405127268398
7.0657523104379285
6.90549403088949
6.775781230198585
6.611421205022981
6.48835069621568
6.327051197045118
6.213941225624691
6.0516067880854205
5.949367402595168
5.7804453320821025
5.679390205606251
5.48885818145823
5.301316764371827
5.085869676374755
4.87912826506371
4.687791624185705
4.48827195847136
4.305618280708351
4.1263168933599985
3.939648973068845
3.801528817975577
3.5997362089097824
3.498152631026208
3.2941623390660704
3.2161323898068983
3.0145413710446203
2.9468031935137278
2.7546128258267837
2.712017677168046
2.5037322871240972
2.496284280108845
2.261411223915546
2.3026881948118585
2.0352297582168517
2.1225334709343855
1.8249273207258452
1.9696054747220468
1.631512602637641
1.8441939651636918
1.4509035335138711
1.7410954898839737
1.2614561572191212
1.6535469702759826
