W = 1.000000000000000.0
1.3617414786343427
1.1586027030785053
1.4199274418316374
1.2372677224842104
1.4799603415588078
1.3172994097327184
1.5431398336617381
1.3992525163779352
1.610062086315266
1.4834186762662316
1.6807916489551804
1.5703476986414047
1.7557080877604387
1.6604511371368564
1.8349671880874592
1.753962385731873
1.9187698171300978
1.8510642350264292
2.007121948338366
1.9521664802333105
2.100370721428467
2.057462745763292
2.198430870469563
2.167126019840754
2.3018620524171265
2.28156278221416
2.410973629326084
2.4007199079781505
2.5260344605855605
2.5249537438637817
2.6474066490027712
2.6544808250279486
2.7745965969829745
2.7893900809793175
2.9083904157319846
2.9301758053774494
3.0490720290196136
3.0773948513247813
3.1967335563901016
3.231639826720254
3.3518343988268353
3.393205571017662
3.514187747915706
3.5626501119872076
3.684604665289073
3.740355952725688
3.863478063202253
3.9266320195211133
4.050889816722006
4.121447353220635
4.247531589899773
4.324719721900877
4.4538381315705875
4.53668863401306
4.668284463451839
4.744770983504429
4.861910290274183
4.89977023615828
4.998704830678639
5.028317899636502
5.12180932320436
5.155625462631864
5.247603609747173
5.285352546088934
5.3765844714407764
5.417864169750716
5.508512817675218
5.553118815232686
5.643599752504524
5.691321410205296
5.781445435255288
5.8324903411098745
5.922422130117678
5.976830930219482
6.066511130980813
6.124389429057098
6.213775172537678
6.275078501440596
6.365001891769704
6.429340822530485
6.519799992729916
6.587642698819568
6.679078216683568
6.749240699692236
6.8420129689035205
6.915153694149017
7.008905036162986
7.0844679070526135
7.179321131838697
7.257870585772346
7.353181339352206
7.43521836406467
7.53119910242894
7.615698158564019
7.712814435927188
7.79908127285613
7.8953592126447525
7.980307018531973
8.070578224804601
8.146688749577413
8.22999192405877
8.297886488672955
8.37635701537028
8.440700485775213
8.517316993653031
8.58067250000359
8.657269915680725
8.721545591596223
8.79825583536631
8.864249394748375
8.941290024388676
9.009045380336769
9.086466950113143
9.155818976662001
9.233697241882977
9.304344572369041
9.382833696888577
9.455602528162286
9.534557168323357
9.608884950116371
9.688748706393062
9.765019634782561
9.845754520688915
9.92333577352918
10.005522683713997
10.084883178294938
10.168368282136852
10.24904268910792
10.333884327851148
10.41641054832308
10.502161047376598
10.585988796243512
10.673232268200762
10.757710478471965
10.845840278379251
10.930736996452076
11.01880901781818
11.103608299712688
11.189921531147338
11.27132992751203
11.355565387592717
11.432807549440046
11.512850065806386
11.587915585555214
11.664218756465626
11.738268869822289
11.812353372238627
11.885616065353064
11.959091249206212
12.03259183166975
12.106297430350887
12.180056264913324
12.254065633804924
12.328154895246636
12.40291819729008
12.477774418544742
12.553218606779893
12.629051734910872
12.705265382626168
12.781973555544978
12.859149599047996
12.936867433202606
13.01516388965673
13.09400866934149
13.173377199199267
13.253379622182191
13.33396925455023
13.414913105015907
13.496930736101357
13.578794021610651
13.662003848934406
13.744600154394325
13.82897325626212
13.911897987407531
13.99694361027221
14.08076942401271
14.165862355314419
14.249337929654653
14.333705094008268
14.415819066626748
14.499324225852225
14.57894141621085
14.660295031755622
14.738792385033468
14.817023015589843
14.895243900358595
14.971404397724763
15.048061321204536
15.122902166535217
15.198523753339401
15.271509158866786
15.346556303995282
15.419731016756291
15.494612119800244
15.568469553139307
15.643617750841058
15.718602958349585
15.794109507914722
15.870188542007604
15.946633520689636
16.02370659929064
16.10110159791117
16.179067827260464
16.257484339526727
16.336463790092424
16.4156638259457
16.495471444332473
16.575372012756365
16.656531510342635
16.73646984890288
16.818991258495696
16.899148709581766
16.983244727312446
17.06308888039148
17.147897371325012
17.228440058420464
17.313259095499898
17.39395539600957
17.47838745513082
17.55846570780557
17.641511366226585
17.721417473873313
17.802947444081514
17.88240493225663
17.962233678157755
18.041176742892883
18.11943092960128
18.19758282277618
18.274190226247118
18.350387709663153
18.426429382278894
18.501733615105472
18.577052087380057
18.65233078102658
18.727257084826594
18.8025408225047
18.87771869855786
18.953612595342154
19.029253997899232
19.105816870317476
19.18241615980387
19.260191623444896
19.337583258161885
19.416250388567303
19.494849477748584
19.573983511496653
19.65348188368613
19.733370522253967
19.810790012835096
19.865404564127324
19.85026608713257
19.786144212157073
19.706437118732744
19.62839236844058
19.548949183249526
19.470880348141396
19.3925306257063
19.31479313673386
19.23695151912919
19.159957992604948
19.082310172574466
19.005894402763275
18.92884179828496
18.852598258481787
18.776120697223803
18.69900482190718
18.622363399243326
18.54488987696046
18.467573667706922
18.389883178725896
18.312427394366033
18.234226364916303
18.156995378283582
18.07757310191315
17.999115550363967
17.9189991996705
17.838039311702428
17.758180818910777
17.675386666412244
17.594797093131575
17.51186157540229
17.43061568909725
17.347578633997983
17.266221222002045
17.182974355390087
17.10180394276011
17.018375559171282
16.93778878939479
16.855148048038433
16.77490832885403
16.693180832779177
16.613291425103434
16.532343552739174
16.452489905516302
16.373143888149723
16.293364698790857
16.21525608145978
16.135820361567653
16.05818878020217
15.979489324981948
15.902149385306993
15.82456185177495
15.747793052584818
15.670749348372235
15.594618624593942
15.51784391723063
15.442363726142103
15.364727821666454
15.29068583763902
15.211233311864715
15.13797572156609
15.058347043791388
14.985161857673157
14.905326128573368
14.83103265070349
14.75033743627879
14.673639877540571
14.592505958685772
14.512391392751045
14.430658813787328
14.347293227564668
14.263715533845113
14.180053191878779
14.094972383018929
14.012192238698498
13.92681299619754
13.844893512179869
13.760511274529629
13.679169722430865
13.59565811875948
13.515362212989666
13.433071607853728
13.354189327332492
13.271393164872617
13.19401369639068
13.11102415240125
13.034974781591515
12.952335423024248
12.87809230972756
12.795896785613692
12.72237933919791
12.640922430645002
12.56856407326294
12.487313025076038
12.415987258107773
12.334978442030012
12.265050998843313
12.184807996338382
12.115876413057329
12.036560019578392
11.96886383441486
11.890066624336733
11.823557968152858
11.744503789429382
11.677687718029752
11.596737306231528
11.526784117624588
11.440472825360294
11.367711573983446
11.277375743320315
11.198885656628292
11.107168721956794
11.024750863063908
10.933481597725123
10.851478739257029
10.761320449128904
10.68007983073037
10.590692298136766
10.51119530069524
10.422194340877702
10.345246470865002
10.255584952524877
10.180444280155957
10.091435683509431
10.017755130266323
9.929507002917251
9.856950781404294
9.769431682990621
9.699082481450471
9.612143898578251
9.542891483039627
9.455787727396793
9.389213290139521
9.302101754044337
9.237350914099512
9.150193064013354
9.088317283554716
9.001440637311628
8.941290974242218
8.854923987065344
8.79649919005319
8.710042677892766
8.654242993726013
8.567201174238376
8.51382933570048
8.426299671042942
8.372961813388372
8.286040423790572
8.226130368897941
8.140313419519869
8.068848790159345
7.971925112693832
7.893713682408874
7.791340383475272
7.708387451932333
7.6056395574811715
7.525429865577192
7.4245781083266005
7.34622903147684
7.246500332022842
7.1721792434957825
7.07315467443496
7.003172330854308
6.9045172349539605
6.836679811811268
6.740941571832733
6.674897896658528
6.578010659420947
6.5166774647964285
6.418728501848273
6.362171010348007
6.262287005325006
6.210331918146994
6.109064443600893
6.061886514290777
5.959844155115918
5.917197209890767
5.813976174255379
5.7748001498192485
5.670681295344001
5.635290232057292
5.531453815194326
5.4987200764427
5.394743308086973
5.365740478735107
5.261445903173155
5.236274781667676
5.132300354609839
5.109852465011109
5.006651616371842
4.9854657708516665
4.883662580535924
4.85986544113948
4.740081217869717
4.682735890269121
4.540687414204759
4.464032174343886
4.325630842378441
4.251599542780375
4.118835937640193
4.0486549015113225
3.922864554533207
3.855576226034612
3.733443340564329
3.6770705181816936
3.5522044928675527
3.5071661739903632
3.378999402483952
3.344336873145479
3.214270272441071
3.188321261199569
3.0555563988698458
3.0408843860961507
2.904288876649539
2.899568040436891
2.7595515326469715
2.7657303851493666
2.6242872403850033
2.6367141833375802
2.4952525646837063
2.514043481082962
2.374764715642572
2.3987098373030764
2.2553589238196947
2.2881390180430503
2.141909659849716
2.1857492549873028
2.0332416647305487
2.089351349096746
1.929639670518655
1.9976790707861352
1.8289610221565507
1.90904861356974
1.7320622339682596
1.8244689656641537
1.6377305539730531
1.7468854026019573
1.545917976585552
1.673801792540457
1.4587773017826642
1.6052178928549035
1.3757995678827664
1.5450282279169028
1.2972067956213997
1.4900498821703723
1.2199415761844463
1.4347784287698602
1.1471482827610129
1.4040197563957213
