W = 1.0
0.0
33.772870190233476
29.775922662951405
35.06587413112748
31.52006989669891
36.388087598499204
33.26807198179332
37.75576574527146
35.049006342142775
39.18683621909305
36.86329846615821
40.7012273386166
38.73523887927374
42.28921228827623
40.649310082284615
43.96145982442373
42.6006150627275
45.69255701609027
44.626178772744474
47.54687438617415
46.71387178797411
49.49622513690268
48.86240320352817
51.55169184550067
51.10016600269698
53.71355008953846
53.40031463400592
55.95023368300902
55.78266779109317
58.31723627898412
58.255335411297644
60.76511992590044
60.840699276102484
63.35765067810814
63.53988521404257
66.05559547821653
66.34641756442574
68.88276403587686
69.2511397951562
71.7916764126348
72.28381293751679
74.80712882448215
75.42784922708215
77.93610130449605
78.72219547450959
81.19609017673639
82.16097133881685
84.62620891812132
85.73970107843675
88.17046777429131
89.44133459176177
91.81534586784811
93.19468572443714
95.52615769329658
96.90574056063065
98.99996211923067
100.3828418696268
102.15524525188084
103.43767427805132
104.96269183206905
106.02591026204755
107.37968640938259
108.28390102968896
109.58078084195819
110.39506972813135
111.68550578896907
112.54352490264755
113.78283140555284
114.64949744211903
115.90508495936805
116.81493177637556
118.06708126850033
119.00235739347086
120.26804399216252
121.24548614250381
122.50469005732924
123.50270235847701
124.81214795503239
125.79236779406465
127.11722581552748
128.106469511242
129.41841048282998
130.45457068524445
131.78938395037906
132.85025681982017
134.21446768710254
135.2806682409997
136.66627904800492
137.7494170861232
139.15207061376123
140.25067844777882
141.63956574504226
142.78266103344
144.13115085120913
145.3285953140562
146.64183110640013
147.8742626483853
149.10750919179407
150.36891122918064
151.50794179466996
152.72477835203046
153.83188055285447
155.00374109990452
156.05442416254712
157.1397649410195
158.15938069540928
159.15031585268144
160.10842416176834
161.07217075945923
161.98649964743794
162.9089600941412
163.77402068406076
164.68435142829586
165.50392522010932
166.43994915325837
167.24729757054155
168.16912465123673
168.96383287339623
169.87657802662102
170.69835605049394
171.59899900273237
172.43817288864736
173.3606950056136
174.1840450709599
175.10574577001174
175.94310321016926
176.87686802147155
177.71670414361805
178.64018124743288
179.49883540165882
180.41593023437088
181.27246744472748
182.18766289822977
183.0644800733656
183.9648030459178
184.83445026696236
185.74452426391045
186.59645782171606
187.4991348876473
188.32245652974265
189.21434451164214
190.01198848177586
190.87376920808865
191.6455657350173
192.46919426505613
193.20591789149813
194.01669711570216
194.7078553763636
195.51896087931883
196.16765650815196
196.93931608565757
197.58294585398494
198.30566361409123
198.92602965496357
199.6377211002446
200.2473538677006
200.92682716331956
201.53925645171182
202.1859258881252
202.7919041271945
203.40481443524894
204.02359667649955
204.60445833278018
205.21680030943782
205.78684242473128
206.38518027669537
206.95941379210953
207.53548721383265
208.11060688569168
208.68426619823992
209.26932132729328
209.8191232744113
210.4015308841914
210.941113441834
211.5143297034846
212.05345181666212
212.61354293062843
213.15132934341887
213.699773035776
214.229574551897
214.7523669089754
215.27231619935117
215.78836464859674
216.2834702164621
216.78488899745568
217.27710951125846
217.75349463942482
218.20811196393905
218.69559652605162
219.08977327840003
219.5824379436274
219.92645896033648
220.40691679213896
220.74423027016508
221.18911607829793
221.5336595819248
221.9335034181062
222.280652627534
222.6553614540888
222.96592302918077
223.32489135150473
223.62714026190216
223.97104589187305
224.2590248010167
224.58035971154322
224.85587424592774
225.16172135012226
225.4377855985201
225.71775353970662
225.9803786980081
226.23408993377788
226.4926976463552
226.73173346316227
226.97809357257265
227.20945032035775
227.43661558972454
227.65757683002585
227.87094814711688
228.08296071069705
228.28423492502563
228.49745233439
228.69104626346595
228.9025217680687
229.07760651780484
229.27527176685038
229.4307044988325
229.61600701535428
229.75683305819504
229.9246289414593
230.05736953935104
230.20794634772736
230.3382820845739
230.46552184340007
230.5753169037475
230.7000004794334
230.7881840470856
230.90598928490485
230.97756391842765
231.07835272694592
231.13219977031292
231.20359460900588
231.2431871713362
231.26908842905794
231.2658909349184
231.17643551779713
231.0755076334935
230.8146815715105
230.45409383367476
229.8941601681145
229.1852902516222
228.3022725326996
227.13597079348426
225.90995912764046
224.45073535656644
222.94264603347779
221.26389334696398
219.53029829781192
217.75264320771717
215.9845132276895
214.21989810649288
212.4662606926729
210.72665414273243
208.97947895099963
207.25231183334392
205.52254725283888
203.79964020525534
202.07447004071267
200.3425936662031
198.620715972642
196.90754783623552
195.1864491360753
193.48898612462585
191.76244048999348
190.1005879179942
188.38022296465687
186.72995987002983
185.0381964321676
183.39841629018017
181.73646495436955
180.11774314405588
178.4879477105242
176.88006043735086
175.25490992269218
173.65432147683293
172.04821012589133
170.46919944102785
168.88679498712705
167.32742532394008
165.7683118670617
164.23801585236322
162.67889909510038
161.18726762348692
159.64110932505068
158.1802891507322
156.63476497380242
155.20249177386742
153.67579362939725
152.25343964495747
150.73582005196468
149.331944702488
147.82193160993182
146.42915036824326
144.91855127094877
143.54844281624145
142.0386752469346
140.68146750045153
139.17168848396082
137.8309181851281
136.31255813395813
134.98594888588352
133.47906332567553
132.1592295931604
130.66619648748002
129.36183378748888
127.89663762292186
126.57704409644414
125.15773144055387
123.8330434463909
122.43786227095816
121.10261463685936
119.74239560888886
118.42738896549297
117.10061997146809
115.79793992245531
114.48711676238672
113.21665345696012
111.92733845350827
110.65577660344528
109.38551084606569
108.16155793304947
106.89950336575681
105.69547751138884
104.45889313714706
103.26675594780642
102.04753171071886
100.8773141453577
99.68477566858478
98.52595660683305
97.36411455312812
96.21806796532957
95.0618689379192
93.94516527492728
92.80487528624076
91.69123524751168
90.56766887938574
89.47393576257024
88.34806629149749
87.24562980399398
86.13492938354022
85.01340384979925
83.91956102551868
82.79094759412871
81.7115358836312
80.57858802973695
79.53129232473162
78.38246245717298
77.35699143046847
76.2121921402243
75.20367770856754
74.05482405537253
73.07649365347493
71.94104428315158
70.97660201845859
69.86555201366578
68.91438960238877
67.83806097664764
66.8943666059327
65.85551010461684
64.91699582595017
63.91615558567291
62.985560140846445
62.01404586049358
61.10378064232952
60.16580183678445
59.24217060346441
58.357509671555555
57.42294085328528
56.5588570518962
55.63039969392688
54.79440531766896
53.88345874550509
53.071175031980566
52.1684668997551
51.37869149081259
50.49080307570426
49.71103243180903
48.85091741708671
48.086678779476934
47.236786783319765
46.480732877266256
45.626626628844576
44.90051689029873
44.02948608522924
43.33470157922172
42.441963561434
41.75845238635337
40.83447137577643
40.171432199216774
39.26003122306397
38.58895258477576
37.69670898815172
37.0198956013526
36.173113875882954
35.468125838758546
34.67065534455585
33.95512010683999
33.213932644076635
32.49120837845847
31.79125267776117
31.075205167647113
30.386768945307836
29.71153797905251
29.025797020214284
28.388858871848534
27.716226192841752
27.112300448178118
26.450279101511732
25.856747746003787
25.2255243558757
24.660817162713634
24.027096157227238
23.489042621650206
22.876910995817234
22.362560646315302
21.76793642385573
21.25493816187014
20.68756918078724
20.185103081598704
19.641965551473852
19.14261425210369
18.621906025738415
18.148101329463984
17.65245574371992
17.195951195445343
16.717837911550777
16.254623807333502
15.81419764168883
15.338596275132291
14.926059150038043
14.419164152014048
14.013528441604993
13.493995404079394
13.036938089005263
12.565103247437786
12.063306919353096
11.654491869524136
11.135521795155057
10.761134396886971
10.255027418836898
9.893438557158238
9.440117115588942
9.088851565217418
8.68490371744383
8.334711294566453
7.95565929847238
7.627627604418729
7.26655694852662
6.939155691277079
6.607178713191299
6.298103648968712
5.993945974629896
5.700476939104471
5.427685671809235
5.1525143756724905
4.904569107835101
4.646854431691228
4.427208332906139
4.172591294245377
3.9757314107436965
3.7328893341555225
3.5541243030484257
3.319324898191047
3.158956402604864
2.9433824633034784
2.797755157731194
2.60262110127726
2.464736516422649
2.2891899866789194
2.1517831204075732
2.004772101257263
1.862183230621361
1.7373007907511582
1.5922193587594586
1.4977443325300952
1.3537559080035593
1.273785501953666
1.132852600958263
1.0645489909499426
0.9310405786376069
0.8666866503208719
0.7398586341160622
0.6868989133172809
0.5642470300336886
0.5142890740825781
0.398820596205386
0.35548646039528037
0.24930303362832312
0.2024403897416126
0.11662053432713947
0.06289861465570579
