W = 0.3
0.0
5.818345119390109
5.211037884606087
5.939726975746081
5.305172019845813
6.063572736026861
5.400475776474497
6.189971605655067
5.497112188612725
6.319005451980838
5.595083095831
6.450800644561453
5.694438852334418
6.58529456506111
5.7951349607664415
6.722632723809431
5.897133870292348
6.862915485455301
6.000626359476951
7.006201143136576
6.105504901695314
7.152651136429039
6.211706370415595
7.302200003905171
6.319406806830336
7.454900883985325
6.428449432383998
7.610842021418273
6.538943052103574
7.770095797250066
6.6508622978157454
7.932713748043473
6.764231234994291
8.098832457399535
6.879141213263023
8.26877781070914
6.995561725932062
8.442374181777707
7.1133676429077335
8.6199540366659
7.232556507014309
8.8014980159351
7.353074502982732
8.987142145165631
7.475025461320425
9.176908201897398
7.598491317302324
9.37104439688193
7.7236216574663645
9.569735369830516
7.8501904447728785
9.77303351445641
7.978225795365166
9.980860711477714
8.107464628885023
10.193093010030031
8.238067807874172
10.410192312901243
8.370096527433581
10.632355960787446
8.503188347824153
10.859498898463366
8.637502241184148
11.09192586539159
8.773350713567677
11.329966007853804
8.910404183986675
11.573307362741978
9.048561545453028
11.822417230140621
9.188063398355371
12.077505853106558
9.32872552061766
12.33864243493607
9.470299709643653
12.605518832557319
9.612967972182417
12.878290224543278
9.756500117877074
13.157609553550929
9.901100690246057
13.443795113451896
10.046731296021122
13.736024792340533
10.193397749143516
14.03581035228678
10.340922486591388
14.340856431559757
10.489664552959027
14.603203942728813
10.63923627558443
14.7393907904221
10.789501479652788
14.834089971577491
10.940397303522799
14.926574052295516
11.0919096891006
15.019064907750424
11.24410501833229
15.111465004925549
11.396572086214858
15.203531755826813
11.54972749506054
15.295979502316724
11.7032253100902
15.388354799401863
11.857259746355394
15.480639468130857
12.01123462129727
15.573113621254388
12.165226804622355
15.665178633928992
12.319405772051972
15.757174541401348
12.47369888818137
15.848972009864381
12.627704921036804
15.94044845555394
12.781499009548398
16.031711840448406
12.935074775019528
16.122591886284628
13.08807173319587
16.213068895171862
13.24061560266456
16.303394171218077
13.392773600935133
16.393358119249235
13.543918405378514
16.48341931580069
13.69475367464781
16.5731181350245
13.844241489548704
16.662603148945937
13.992690999439786
16.7515042117751
14.139837193975957
16.839905014780513
14.285648839372401
16.92757317315552
14.429567333763693
17.014931634418623
14.571824607794571
17.101831180066807
14.711981486026852
17.188083257957338
14.849659261739188
17.273803362852476
14.98537495449211
17.35899940116717
15.118036582288763
17.44383716547745
15.248679874850515
17.528041925733184
15.377459648864521
17.61210458106422
15.503765570577432
17.69562994431586
15.627755611065062
17.778294609649617
15.748902953282057
17.860128540941556
15.866268034759136
17.94072827642474
15.977430770177879
18.020671103329263
16.08020524842836
18.09959498036275
16.172951061323744
18.177433643505143
16.25514169136416
18.25410920860323
16.326772947479753
18.329832809285257
16.390461206917347
18.404499732818888
16.44994497899688
18.47823445908576
16.507390847270415
18.551077345689613
16.56279128551701
18.622841928610548
16.616223816587894
18.69318856021767
16.667919032866948
18.76198643314218
16.71817554425755
18.82956689917091
16.767302983005155
18.895466088894995
16.81545741889611
18.959365383312555
16.862628089019182
19.021821633797863
16.908742850630116
19.082923170982248
16.95397733442056
19.142380912778492
16.99751553867839
19.200415939001573
17.04015433371957
19.256416357343458
17.08163971056414
19.310657481195516
17.121397015675058
19.362837309560604
17.1590692836909
19.41254624441325
17.19457739706829
19.45977318686021
17.227275025807348
19.503927198869658
17.25529287234021
19.54400501791278
17.276297406213377
19.578596771536677
17.287740874711698
19.60707015017838
17.29003803211759
19.62839670332675
17.278078679575334
19.643396992688576
17.251225534739476
19.65308066300186
17.21121730617045
19.659014386664015
17.16204663029068
19.658865079445764
17.10422156047731
19.653855860019036
17.039349066475605
19.646004973494502
16.96815872825176
19.633122947729778
16.89080907587125
19.612132343665753
16.80704837814549
19.575209380740873
16.71744281991501
19.50751442027965
16.620799875233246
19.404614060674863
16.517899048794632
19.281298418211406
16.40743379238774
19.14568909078683
16.290116107267156
19.003276163162056
16.166632180598604
18.853676172558917
16.036856815514245
18.69784085114783
15.901611072637175
18.537012503839694
15.761667785454895
18.371380519795242
15.617013484887103
18.1995678377264
15.467850880272904
18.020963383398747
15.314901569393045
17.826265242999806
15.158080007897967
17.606303785113713
14.996238350248317
17.368490668065693
14.829890833916046
17.116757951610577
14.65928924247336
16.8570236836643
14.484266883643718
16.595764580249
14.305346937174605
16.334612806958287
14.121931172637124
16.073081804751602
13.9328310514049
15.81078080748861
13.737610731860089
15.548632810782584
13.536189400748045
15.28709546269774
13.330291520214027
15.025599567045576
13.119964558560042
14.762930297125628
12.90416922204699
14.499285731254622
12.684410431908958
14.235595001210712
12.460007396464539
13.972976847228539
12.234892219566195
13.712558702172783
12.010339084575863
13.454397399108762
11.787781494031758
13.198790806096714
11.56757225308678
12.946411144768893
11.349997126129555
12.696628980738351
11.134401561329609
12.448972598030954
10.920980188836767
12.204118490040646
10.710029409093462
11.962285681814334
10.501203534220757
11.722971156920568
10.294519779349947
11.486191465343632
10.090181468234045
11.25228329452407
9.888244809362172
11.02149854885602
9.688675540971804
10.79370570464156
9.491273758278695
10.568738144711599
9.295868090227795
10.346759609827819
9.102261461051363
10.127626892177627
8.910330320971623
9.911311446155633
8.719295694893157
9.697680783828472
8.528408058415078
9.487159200420354
8.338181124247718
9.27938967290068
8.149054971234898
9.07467221241558
7.96017148163907
8.872534403055603
7.769033501957175
8.673340252081829
7.577168196882821
8.47672214088703
7.384881705684079
8.283036328654072
7.193936973204995
8.092332640961603
7.005408926235133
7.904354035102073
6.8193333044091835
7.7191586672608254
6.635596994866082
7.536704768644036
6.453993211124606
7.3572164082788944
6.274652170272842
7.180286882196744
6.097972336087559
7.006219209373873
5.923978642491254
6.834901100661785
5.752813140092836
6.6665668475189
5.584879144704086
6.500854573610661
5.4197941922232005
6.337676347956533
5.257700011184295
6.177358649282199
5.098571785958558
6.019716906063494
4.942481622968873
5.864860635622886
4.789496287944825
5.712424954936786
4.639498151851613
5.562436956576663
4.4921751224975335
5.414966383491322
4.347677050859925
5.269869864018957
4.2057963041841875
5.127380662697688
4.066860584852069
4.9873232864023755
3.931037026558654
4.849863707022505
3.7981117104085804
4.71469893712969
3.66793637147785
4.581913246117821
3.5407028090316293
4.451661683189914
3.416272864908714
4.323435254579778
3.2945681505870814
4.197501751048586
3.175823492220384
4.073800294145886
3.060002650658874
3.9522505211902557
2.9470255322158145
3.832802074193322
2.8367806775016007
3.7153872696731396
2.7290376545029966
3.6000536257342737
2.624042435487574
3.4869416628026504
2.5216936979096327
3.3758956623139955
2.4218710997774435
3.2644167521967034
2.32489411025963
3.1440089232027004
2.2306756266746706
3.0110239568892645
2.1390529373583798
2.867215563544812
2.0497260449122385
2.7282289532963313
1.9627841364634
2.5943358303380784
1.8781707494966096
2.4659684733874037
1.7959694485254571
2.3422918559690715
1.7161089491557617
2.2235097970848687
1.6387026927794925
2.1093086041263027
1.563505638903552
1.999665570502942
1.4906849636428754
1.8944328931821046
1.4198832873629896
1.7932893858118768
1.3510879541685636
1.696035485039174
1.284495195128051
1.6026193957922117
1.2199728435063704
1.51277498982865
1.1573009305829007
1.4262302506200768
1.0965566654209122
1.3432878836594886
1.0377708815237041
1.2636408923805218
0.9808229775072598
1.18719555125727
0.9256785224506989
1.1139580997123755
0.8724787616304603
1.043691353152859
0.8208705187806199
0.976149037967452
0.7708350183533239
0.9112131720753063
0.7223032966583777
0.8488145538967621
0.6753335888112276
0.789073679645297
0.6298748074652751
0.7317479366147435
0.5860288019343193
0.676796084878234
0.5436526687350646
0.6241217884688005
0.5027333342273095
0.5736794260274337
0.4632465716433126
0.5252081727833895
0.42506347822735846
0.4787575147291728
0.38828542547321093
0.4344509035564041
0.35289061040303726
0.3919838628732759
0.3187551130485539
0.35145645381188234
0.2858797743217118
0.3127673313296929
0.25418318746718144
0.27581283844004567
0.22379302702397774
0.24056061395845482
0.19458464106131335
0.20688657691970772
0.16645978408659737
0.1747862279735398
0.13948294142644993
0.1441320423555516
0.11362041498484411
0.11498071582245804
0.08885084178261356
0.08723034844090008
0.06516972903799557
0.060834230793616585
0.042473642571578
0.035663820740068956
0.020829210286318022
0.011728498539551472
