W = 0.8
0.0
22.842833320629307
21.09040307811495
23.603861479686227
21.96356649879172
24.367993927851813
22.84316622203526
25.139465482660672
23.734935479674878
25.92898434387707
24.648145348608402
26.744944196338782
25.57820344653119
27.59566496247588
26.532980880635574
28.478957555353375
27.508047898255093
29.394202558282938
28.510201626422077
30.341355671209236
29.547935324095466
31.322399772995194
30.61947424871863
32.34615857359668
31.715299839305764
33.397417117556024
32.85121522248489
34.478178760184285
34.02058536313882
35.587002521634055
35.23450313536798
36.73821630879967
36.47758483521478
37.93152704124563
37.76664246656965
39.18319586615304
39.09293781449351
40.47552175635566
40.46369334134736
41.81368029016401
41.87883961713382
43.19650365847441
43.33022508920108
44.63195950963589
44.828766338246425
46.113949322683425
46.36024050263153
47.66059157914689
47.95677079729449
49.26836456011515
49.597947654863816
50.91927110900789
51.28988052491413
52.640842728590115
53.02903463832476
54.4216491049072
54.822427456923954
56.23579992072276
56.684329185800856
58.10969007093548
58.61401652081867
60.048200310387955
60.604383319136375
62.03110115942912
62.635997894640774
64.06728477795498
64.71598706837244
66.11568559500152
66.7803025178539
68.05886722281683
68.67582852059883
69.76187810654768
70.30299628852372
71.2335604669989
71.68276389025793
72.47807139210543
72.88263038521343
73.59278802311631
73.98247300546495
74.66506363134698
75.0664094451833
75.72763627735074
76.14855433946629
76.78889047751501
77.22480180048893
77.86078140221058
78.31980871347855
78.94225911939562
79.4303488959823
80.0432017368053
80.55113847889284
81.1545331647844
81.68283168717299
82.2779021051639
82.8205878380812
83.41625601507906
83.9855339147356
84.57849868145013
85.15293750258165
85.74014808676472
86.34024416521015
86.922493026737
87.54133664824562
88.1243794187795
88.7584580919792
89.33377097322862
89.96620138881637
90.56159770967525
91.19256065447264
91.80061913716023
92.42981384771493
93.05453543537244
93.67862690424101
94.31400389247406
94.94062701171386
95.57816281286507
96.1976808092022
96.82749613165186
97.44383526794664
98.06120325375629
98.67756312737549
99.27910672533014
99.89656170415111
100.4471445547717
101.06578059714022
101.56356152643667
102.18695955285953
102.63510052202928
103.2351364300465
103.66199581944436
104.2092833133696
104.60091853957748
105.09856980897774
105.4717852852571
105.9350459964734
106.2959175692017
106.75448844182027
107.08811317014113
107.53997631542696
107.86640741194545
108.30797411114399
108.62423946835293
109.05998610493194
109.37620084517566
109.80595068498445
110.12288143492553
110.55023601509028
110.86314808280973
111.2867734360698
111.605812443314
112.03429769823597
112.35426909019762
112.78366049800667
113.10982519622986
113.5312158665101
113.86633139679972
114.28408199740217
114.62536314813015
115.04253305742485
115.38723619181141
115.80122997139505
116.14766835014572
116.56002519299935
116.9025948912975
117.32928813156246
117.6640445271385
118.0831729122738
118.41864146002082
118.82445499091325
119.1595159530093
119.55254326043196
119.88304710295736
120.25699871908446
120.57959346790135
120.93099809678066
121.25424707934728
121.58965638741583
121.9026039150248
122.22120815791865
122.5228509733813
122.84085659637067
123.12307499085867
123.4319740143931
123.69661618154299
123.98864910192754
124.24534268684216
124.51034634282367
124.75873702224884
125.00327315841959
125.24167099025192
125.45736858965266
125.69401521209
125.87662018293108
126.11764906453115
126.28818177784865
126.51249042550853
126.6755812076587
126.87574728654155
127.05221744911532
127.23921654188327
127.41617698431705
127.58473796882927
127.76623497947143
127.92549997118465
128.09435916810278
128.25409918242235
128.4113230482676
128.5688605316347
128.7223082483735
128.88191516991577
129.02601397500248
129.1861541400762
129.32792723454213
129.48403737053297
129.6289085653784
129.78574104783914
129.92934512192818
130.066568595993
130.21550181762188
130.3372713944111
130.47592202426472
130.5925076947218
130.7251411811327
130.83739547728123
130.9655472447097
131.06914298128783
131.18928974703135
131.28995684013344
131.3915570173042
131.4953549393355
131.57404600355093
131.6738494733085
131.74317640138074
131.82996031696896
131.88798051485261
131.95972030617452
132.0139686547134
132.06495507118177
132.10455801140412
132.14714821654354
132.17233198708678
132.20689925029026
132.2231775208516
132.25877858889112
132.2613814036866
132.28069438770487
132.25742529097454
132.19890460103105
131.91431251931343
131.50873365954928
130.74086235956625
129.83707561955364
128.8437753356016
127.82782494891339
126.8194689760473
125.81153535775223
124.81183698255033
123.81210503425717
122.82126800241632
121.83279143308398
120.84354635390437
119.8585731333912
118.87900125400834
117.90110563028487
116.92763788663622
115.95871845143917
114.98323672024087
114.0279429436038
113.04930090330129
112.09524957913857
111.11888969765792
110.15608054933563
109.18207609686353
108.21838099023238
107.25332998030227
106.29584107306022
105.3380509307693
104.37871138767741
103.43576090909568
102.481899655268
101.54218540074274
100.60149173177943
99.66809745937874
98.74581337650062
97.82943181901656
96.91964571704327
96.01490552790207
95.11508164369657
94.22239436041696
93.33410159506249
92.45255991861481
91.57679193249639
90.70017368696172
89.83896414429472
88.97275091318622
88.12335606140032
87.27672251194431
86.439901745147
85.60255290678386
84.78019700109262
83.95033902025948
83.14135572571007
82.31613085425329
81.52210937004813
80.7023167099964
79.90690271772606
79.10242868159223
78.3124309797361
77.53002040485804
76.73853124721607
75.9636035158866
75.18711470769152
74.41911837276345
73.65575478559992
72.89668175617068
72.14018621353333
71.3835065576512
70.64019469555946
69.87992376805224
69.14852761998647
68.39023244694557
67.66098130010425
66.90487302525686
66.17508460652162
65.4196289713674
64.68146972036232
63.94350733603363
63.19828925542974
62.47842433495225
61.728690712585355
61.01756454423121
60.270154429707674
59.56443171687087
58.82334587673075
58.11798317847871
57.39110617750818
56.68595034165315
55.97745134169156
55.286393581137425
54.586355857977075
53.90482684496045
53.21874532488094
52.54746418072109
51.87772961478238
51.217889522294726
50.56282523850651
49.91169592643926
49.27380218104378
48.63290660689891
48.01372130832684
47.38435097075955
46.777307190460675
46.15855385967738
45.5602642619973
44.95594221394017
44.35999231664907
43.77467742364109
43.18829193417592
42.61579174821966
42.04167829702717
41.474777411185755
40.91401730277665
40.359008735305764
39.80597951290629
39.262676999034795
38.71638865540077
38.18342187177725
37.633571150961245
37.096244184936964
36.55186808935238
36.01280418109432
35.48246915105683
34.94722997930493
34.42552370388027
33.88173652196645
33.361864737183815
32.81313763056775
32.292619186760675
31.752517867938096
31.228527609648644
30.687671145165478
30.16612746277653
29.631169327321643
29.101370391277598
28.583068911586476
28.064972260705012
27.556175230061687
27.053920713786464
26.55829557860735
26.07645375246984
25.5825812320908
25.117444845266114
24.63143179130048
24.18377185254869
23.70940942269473
23.27544482141527
22.81786997270847
22.39507880123773
21.95176396799277
21.54200314959681
21.115628499421614
20.707671988964538
20.29296520727967
19.896609676926147
19.493481225074632
19.10970560409043
18.719861438326998
18.348375479194157
17.967175194310776
17.611142911232047
17.241004877751845
16.89781621436404
16.535332223696983
16.20026302703987
15.853352674921101
15.522813760655646
15.18867243381866
14.868229203640773
14.54187275216448
14.233347143411345
13.915227889101693
13.62661551648011
13.30485213956194
13.034889000294816
12.703489345992477
12.458291467783528
12.10703655171605
11.891888392516648
11.494765298874018
11.310550087897983
10.861164721810331
10.685776508680066
10.211756043561072
10.031339714689162
9.565606572723254
9.36865755923752
8.929238617157
8.738997722529168
8.316629290713667
8.150931265775144
7.739605991495826
7.596116238559771
7.206550622465192
7.07070278456762
6.69443250926212
6.566396587368218
6.215675836289209
6.099568676029707
5.761631431675559
5.655247675615366
5.337494592143107
5.236499473955605
4.934361573261666
4.841822569454984
4.550237250199953
4.469895628926197
4.189725664394299
4.119867837425569
3.845744797759312
3.789430166957308
3.5297796881065775
3.4776285203577486
3.231878576566302
3.180529208608404
2.9535729256368795
2.902498699510671
2.687093247668428
2.6362393526071184
2.436837299730066
2.3865443511148556
2.200758880193442
2.155347263493496
1.9784065920935305
1.9351322571485117
1.7660647382466474
1.726724375918811
1.5708041771990682
1.5321871527615178
1.3868836811714407
1.3527663006442519
1.2129908285416378
1.1831378119637994
1.0505331176495758
1.0224678201357666
0.8981873335210647
0.8689155026888223
0.752048935285457
0.7281938755214307
0.617841164151696
0.5966235849561053
0.4927541581465763
0.47268371928092445
0.3782694157104146
0.3560232491895431
0.2719565849041873
0.2446200875270808
0.17500968442405132
0.1417352797719812
0.08405059018920762
0.04488381730031773
