W = 0.6
0.0
13.944670107888676
13.530465515040285
14.321821839408946
13.926014067335373
14.705360051252391
14.327237333472457
15.097460251507487
14.73526778638976
15.500163158054514
15.1493784474676
15.914259854543523
15.572423611444538
16.337783993546875
16.004243215693158
16.77231656100997
16.444854954005955
17.216539321673366
16.895272866143564
17.673862911778087
17.35841197279952
18.145422376039107
17.834067230126845
18.627007605281023
18.320440979613856
19.121035501543716
18.81932189310924
19.62729901074473
19.330041776299797
20.148991442502272
19.853987116083953
20.684070028371888
20.393256928208025
21.234568746875915
20.9466703181189
21.798174551041736
21.514868640074994
22.375439242791856
22.096539566263264
22.964480664144023
22.690734250694288
23.56931463036554
23.299088231343976
24.192705798335815
23.921881578835666
24.834528683503624
24.563612434926934
25.49235486580261
25.224709816196512
26.16906739113685
25.900758154149468
26.861519513176432
26.590624379467084
27.56989192260031
27.297574075939597
28.300418820759308
28.024006249491404
29.049658974748848
28.768007471436732
29.818311142825102
29.5260940470046
30.60861458251986
30.307186282731283
31.419778629737465
31.111982262813996
32.2537038726017
31.936423209675606
33.11111567170388
32.78481679590651
33.993349585035894
33.65574894308101
34.89808861471962
34.547559576127576
35.8200930266828
35.460470993592146
36.76521145839508
36.38883428190844
37.733506183454864
37.34579569287302
38.7288036029255
38.332088592158456
39.73854565071529
39.339194277149325
40.73684445587307
40.357265693273824
41.66629967061965
41.35440030645371
42.472677317918475
42.273535098447546
43.10709135066329
43.05242677649134
43.635698860022146
43.660956976622245
44.11189545397762
44.16796691554473
44.57867995415344
44.64991534859048
45.045023910121024
45.12437147488829
45.51436062331371
45.596581654127576
45.98769648792892
46.070111396018774
46.46503102551051
46.54572801255423
46.945346875590126
47.027313235686876
47.42984172081974
47.51584187280255
47.92102896355676
48.00688120671119
48.418732940902764
48.503082044960365
48.92024519716211
48.99962540117767
49.42074607087565
49.50321732011642
49.925860790399874
50.012219980283234
50.43730573291232
50.52321322715797
50.953084641772584
51.04218623349428
51.47219829328843
51.56366922319062
51.99428942600989
52.08586587772465
52.52022413691284
52.612755749087
53.05125646981176
53.140033687039065
53.58505876497349
53.669527918864105
54.12706229364829
54.20331823352826
54.67447934311917
54.74453480462277
55.22318494480886
55.28583400594773
55.772357154855996
55.830018320934734
56.324804838038396
56.378993567361036
56.880203862276375
56.92975685252155
57.433495920071245
57.48564810561916
57.970222586452394
58.03201358154658
58.481574611666055
58.56282054807802
58.967019538836766
59.05985493982116
59.42975732276791
59.529425225615654
59.86284433308805
59.96954931144212
60.25654155963889
60.36368585914004
60.60700995568443
60.71478011472291
60.92756266206992
61.03020460196489
61.231816952082816
61.3267989238961
61.52185011238689
61.61038081537761
61.7995968478695
61.88747488409164
62.07064795808411
62.156189392872584
62.33572678516993
62.42145319243881
62.59684124362378
62.683215407286085
62.8552195299707
62.943086011583745
63.113477769987576
63.200845703626854
63.37069477423326
63.45768913794471
63.629177724494404
63.71065493242145
63.88345396937713
63.96444867089236
64.13246995515449
64.21736813230893
64.38089155119297
64.46550656565849
64.62950052236481
64.7124957061944
64.87458462815123
64.95568877922715
65.11711486985408
65.19628765745775
65.35544515230703
65.43018280154473
65.59029285205831
65.66252795361305
65.82377451881592
65.89474000259693
66.05312213467295
66.12249739456809
66.27982917301286
66.34735619463446
66.50167948824567
66.56975253781492
66.71848522864674
66.78293588699243
66.92921633516626
66.9920704158785
67.1380282881757
67.19466648336278
67.33432666563701
67.38872869354773
67.5188721997597
67.56839667335977
67.68161419465045
67.73319602386134
67.82298161361112
67.87909162911403
67.95143685273688
68.00497944295229
68.06242211566064
68.11304301866622
68.16163091144341
68.20550463240534
68.2475544994348
68.28523656912517
68.32151157983044
68.3504907561386
68.38324563567927
68.40288052974743
68.43051078893315
68.44677259650925
68.46852759052662
68.47916603889821
68.4966524923899
68.50274828598704
68.51550850693943
68.51518523775611
68.52510196264318
68.51921926596349
68.52971864296461
68.49238463534593
68.52259642183559
68.38317949476927
68.36715387005401
68.06161636874448
67.84641499480782
67.40374975877894
66.96864166586563
66.47718067992892
65.95019227583533
65.43840870681824
64.9168028870072
64.40803675923972
63.895338879052915
63.3921577491082
62.88585719346486
62.38711400283933
61.88661204904693
61.393597887902956
60.89794770759089
60.411436042216884
59.91654193540373
59.437334027379286
58.94295323820934
58.47104492925368
57.97580240646553
57.50329596786833
57.0158438562203
56.53426476645724
56.058226687406425
55.56772962102053
55.103183312766525
54.60232551644949
54.15059929531977
53.63362983380506
53.1919765723112
52.66792105125388
52.229508456495246
51.70580070526822
51.26741757033987
50.75129415993653
50.31285105488199
49.80125816206982
49.363926404515155
48.855046379708064
48.42023810708502
47.91030931723759
47.48446597172137
46.9717448141759
46.549533604551584
46.04336748389894
45.62452601871019
45.126580007920374
44.71030013898808
44.22315911509123
43.81169061797995
43.3348035956487
42.927499212130044
42.46412525675153
42.05747456024012
41.606263581780034
41.200889123703355
40.75808571647506
40.35825698525696
39.92562519068431
39.530383348467126
39.10539065968076
38.71640057747907
38.301114844014194
37.91647937263827
37.507834967320896
37.12869413802252
36.72927280743225
36.35047117837902
35.96037228992438
35.58524600794055
35.20333238856472
34.83282597619905
34.45748087259367
34.092366114814766
33.722622599075656
33.36290883151372
32.9971227694066
32.644101865912305
32.2813111869516
31.935311904843427
31.573137529818926
31.236564384825396
30.87240068414732
30.5486958594232
30.1773459204398
29.86938578937934
29.489970972861077
29.198468714896894
28.811000399106465
28.534796386293113
28.130340544809872
27.872484010879816
27.45005375079419
27.205618270899684
26.76520028911029
26.526040051107724
26.06861281181995
25.830727694545114
25.36776968497751
25.13060748169824
24.666826970122212
24.43791166977442
23.9758273060644
23.752784803437127
23.29226580606265
23.07367166639592
22.61953872198156
22.411121992129885
21.962631050242788
21.76398020299602
21.320070716712376
21.13342326447443
20.694706593759104
20.515974330237878
20.082447580596174
19.912271336102958
19.48748531180031
19.320341775801353
18.904490390603325
18.74043069515847
18.332911982050405
18.170430339473974
17.77689677480603
17.615079053876133
17.233945049496786
17.075017188413838
16.705904138141296
16.547761023200618
16.190600169342627
16.03416431016431
15.685561065885997
15.531537839470586
15.192394009522802
15.039073420051114
14.709599138777822
14.559605230192432
14.23667948191596
14.089577770869182
13.77369723145913
13.63075799824502
13.323246616052785
13.182309222398814
12.881243770651109
12.742913246174503
12.449346472614831
12.312061927726061
12.026628564000005
11.893482432344346
11.613357937895525
11.485674369289082
11.210340344282217
11.086573341870855
10.817190277393598
10.69657577176404
10.433378739753564
10.315213830460241
10.056402262386651
9.94219220076356
9.659913107655173
9.578989987979105
9.237972778527997
9.21621793451716
8.79981965637868
8.823562341160189
8.352001901963266
8.396328158748409
7.9123699833937735
7.958438713533057
7.489275720938534
7.537581614220943
7.086665798131261
7.131155239508594
6.702294051902313
6.743003612205931
6.332734145530838
6.369711190457478
5.98088080338242
6.0136869800388455
5.646087560636556
5.672636717932227
5.324571148388611
5.349496829966745
5.019087908651719
5.039388228895817
4.724561508291115
4.743402491478546
4.442864707898534
4.458359746562903
4.172143827709151
4.186540310444111
3.914557421386289
3.9279538137022914
3.669242829764477
3.6785234245897147
3.4363516311739666
3.440922220996212
3.2146671120075614
3.21437396224882
3.0034569444306793
2.99892284087853
2.8006792161574103
2.791933218185394
2.608978047407093
2.5962404740909446
2.4257993322398845
2.4103917795710537
2.2506849060834235
2.2322740671179195
2.0813107022732074
2.0625201942981946
1.9199875164406701
1.9010363177234466
1.76633790473262
1.7471005138700473
1.6209740489412998
1.6014881830633878
1.4827893163928763
1.463175704204736
1.352577030295965
1.333964452188104
1.2284809029514647
1.210248390563261
1.1113903371518115
1.0931173360507318
1.0008924768408414
0.9822762878187281
0.8966408046367351
0.8776764633335339
0.7976741924099712
0.7787394974967919
0.703681469751444
0.6854380291080977
0.6148569984062742
0.5964779477726165
0.529855421559598
0.5115356131122919
0.45005215567410695
0.4312941470915399
0.37523411949256996
0.35532902670750766
0.3041290771324513
0.28274082560182195
0.23614014263786362
0.21331843762690028
0.17169704697092658
0.14804232782022952
0.1108503314598784
0.08652826327295042
0.05369318390940208
0.028687665153673172
