W = 0.4
0.0
8.14226625707632
7.676990686630224
8.32298491191473
7.839693001208843
8.506695969108502
8.005081827385057
8.69408159742824
8.173265022140727
8.885343722896323
8.344387505075899
9.080672381481644
8.518548703869286
9.280454098406098
8.69566235728287
9.484758352907832
8.875716030997747
9.69313725554706
9.05881519072589
9.906261820580742
9.245191642403615
10.123844935310599
9.434896363790557
10.345873099790541
9.628061101288303
10.572931496866305
9.82468220736074
10.804697839918378
10.024445672532464
11.041750113043364
10.227616973867232
11.283984562787994
10.434932140209058
11.53168895981905
10.645358995307802
11.784502898177957
10.85934085264624
12.043235584075637
11.077511254804495
12.30725426359208
11.298953834213023
12.57633362684949
11.523963355417907
12.851516330291513
11.752312661522756
13.133226891807357
11.984614475778267
13.421121333131916
12.220301433311443
13.71479324974709
12.459327124158502
14.014536884205722
12.701921212968072
14.321413160955471
12.94811600869583
14.635102886914853
13.197790466258791
14.95598866067645
13.451397313256276
15.284238410762564
13.708665230798418
15.620591455487133
13.970174267220484
15.964139216060309
14.23577684959498
16.315458811317463
14.504743521844892
16.674319528732354
14.777413682229604
17.041204368807826
15.054442054171705
17.416153919357832
15.33541855978389
17.800103639464385
15.61974066377483
18.192358486956255
15.907743477057506
18.59379317133174
16.199328521626413
19.004286812279737
16.494165429764596
19.422382365721823
16.792811341011465
19.849910962881616
17.095796251929045
20.286499209548804
17.40218027846261
20.734444464787714
17.71214570306979
21.191903161605207
18.02515746455628
21.6526469479566
18.34081025531766
22.09970126333138
18.660150602838307
22.478068225563153
18.983051784544685
22.772702365714323
19.309188420369047
22.97825573967999
19.638369404263365
23.152369488806425
19.970190246096408
23.321482387481975
20.304742344795816
23.49176962296006
20.642499891114575
23.66311854218463
20.983892304203085
23.834976665726828
21.328878158889644
24.007291184937138
21.67588594050235
24.179050714248426
22.025057842533617
24.351089138876503
22.377807619538103
24.523482564840744
22.732972328100548
24.696270360065487
23.085065336206153
24.869593570492054
23.42368419118555
25.043277614923532
23.726116077304845
25.216850121935554
23.97873740721688
25.391213514522192
24.18279579493827
25.565928177523748
24.348547231327842
25.74099271317022
24.500689886748553
25.916215959176366
24.65191498365724
26.091577985720424
24.80375533658556
26.268015960148222
24.955222629779175
26.444586167703836
25.106435808789524
26.62133679628833
25.25702890318378
26.796946661843688
25.407363191744594
26.97297528028125
25.55812932225143
27.149628005557947
25.707919422519538
27.32479333871536
25.85748058057817
27.499885917993037
26.006350276119964
27.674163085423125
26.154526130154625
27.848408894410024
26.30252209878952
28.022658850251922
26.44995266055039
28.196308364814392
26.596801529774904
28.37020738442467
26.742479997227512
28.542958944473597
26.887272792530325
28.715396155922225
27.032295717715108
28.88764142138055
27.176331456496083
29.059936716454754
27.320377127866593
29.231335439128994
27.463666316369473
29.402695763058045
27.605661509827893
29.573228329527588
27.745946557156817
29.743618517165967
27.88533352478615
29.914023964645775
28.024160743442454
30.08458479781625
28.16141700567656
30.25266246665729
28.298160226960217
30.414439702372654
28.433445167417513
30.56579175551901
28.567499743816427
30.701463960249697
28.700634198871324
30.816404934930617
28.832395979049448
30.91359864837466
28.96271189316803
30.994733440544135
29.092290297167157
31.055671960811303
29.220328157752846
31.107064275596528
29.347456855888105
31.15334620524991
29.473893598202043
31.192926504896455
29.59883837659503
31.23077760505999
29.722426288088624
31.267208571035432
29.840778060706487
31.302012239635935
29.94551642451857
31.334644856873034
30.03905122474174
31.366344812619996
30.120654659615397
31.396858611362585
30.191360603745554
31.42511154740905
30.252541230071735
31.451821752249554
30.30666472702317
31.47639035108035
30.35205024973126
31.49899827894732
30.388483238865376
31.520399618242713
30.41538303769917
31.53991062688134
30.433633961214113
31.557162764048854
30.44646029048755
31.572075144378275
30.454094497948482
31.584333085409416
30.457529464935643
31.593369758187546
30.458415715507268
31.600149751328836
30.45735579657058
31.60585610201472
30.454546587484284
31.6095602934834
30.449570082037035
31.611032117142365
30.442262614743495
31.60986469026984
30.43290938933156
31.607096365643915
30.382590592508837
31.584062532681006
30.237868873395026
31.399781751869494
29.962029805999627
30.989869182105213
29.538523750534946
30.495839722156216
29.080422579432614
30.006969493271086
28.622138824866074
29.52359539322567
28.169101002080254
29.046371372826304
27.721411446857402
28.574440473950563
27.27837058371164
28.10756041450595
26.840106826653706
27.646568340549024
26.407176261782528
27.191602920030785
25.979629775161058
26.742455699329735
25.556457657192873
26.298364837374358
25.13690897293194
25.85942221219408
24.719988956767178
25.425705009372795
24.305813046571476
24.99741192499723
23.8939489157762
24.57366014800796
23.480129161616734
24.155227420030926
23.06054859467522
23.741716396036704
22.639567296007954
23.333650509924638
22.215697114949247
22.930364399810983
21.789619862978835
22.532039096869568
21.362391160422895
22.138844060081684
20.931994554027167
21.75115494693208
20.50543132679759
21.367730652573552
20.084617955863916
20.98910033116736
19.670422687837437
20.614692869358528
19.2615371847501
20.243271300588553
18.85813187230281
19.873055844057934
18.460804396315527
19.50087141789152
18.069206424823143
19.127260273681873
17.68379651497691
18.74883117826226
17.30372898594167
18.362000576498854
16.92971004583487
17.968694748999436
16.56102620304315
17.57305235676673
16.198134527927113
17.178373012797838
15.840356944512237
16.78834571127447
15.488267337102416
16.404138101629584
15.141714554602986
16.026153734147336
14.800599014078424
15.654257777066144
14.46539253885214
15.289195486143331
14.13612444500934
14.929292530337241
13.812137539319027
14.575577596675082
13.492879723142776
14.226815580352827
13.178959703515156
13.884539242268984
12.869660162053538
13.547674537234904
12.5659263902659
13.216883830581153
12.267241172908593
12.891895364142568
11.973536730792695
12.572634204219412
11.684476566056631
12.25901271543497
11.400164256516213
11.95077484059964
11.120897761261443
11.648738110421567
10.84627358839366
11.352661670614737
10.576173836064834
11.06243186501732
10.311073013116182
10.777197194932713
10.049946494126257
10.497308214703587
9.793325399757725
10.223003311386496
9.541588793556636
9.953549331480582
9.294086814360899
9.689296348801607
9.050899634489411
9.429580613374958
8.811489396819116
9.174432752434454
8.57690610363554
8.924572221735225
8.34613028914622
8.678671632894671
8.118914372599392
8.437361486302196
7.894062350414968
8.200786465923297
7.663552808760198
7.968147108470285
7.408171177465536
7.739722984232772
7.13629494886535
7.515883958094448
6.8683733563964955
7.2962289382678716
6.607017410195474
7.081248422764007
6.352541905838582
6.869804608008468
6.105450981736048
6.663150743732612
5.865968044865417
6.460081151097967
5.6334407808570015
6.261234663557423
5.407937862165951
6.066063694896244
5.187898627775987
5.874823441040207
4.974455533506153
5.6871726400141425
4.767326720863208
5.499893740109746
4.566119076364764
5.301198422376692
4.371162324904623
5.079294504227824
4.1816413280740985
4.843051165100296
3.997937107912494
4.611914452952907
3.8205794027268727
4.390612323490875
3.6493254817780065
4.177070414550263
3.483399023637496
3.9717369465316295
3.323146955077756
3.774512804821687
3.168077959903919
3.584696673276791
3.0178571883415226
3.402119326786924
2.87282656764751
3.2269208633725865
2.7326741814554185
3.0578728429293043
2.597129634150524
2.8958176765985257
2.466351368104358
2.740381206139822
2.340184856319396
2.591092469071444
2.218393623123382
2.4482077450561954
2.1012127046038787
2.311291474419698
1.9886694149599609
2.1795830374252185
1.879639006677259
2.053398980100776
1.7744664228852889
1.9317814471187893
1.6730723985674218
1.8149868193980452
1.575344595086162
1.7026157519853162
1.4811632229995864
1.594910426397777
1.3904708559330856
1.4913570387667026
1.3032202453066775
1.3922571671370658
1.2193980897763415
1.297943578954014
1.1388391970942648
1.207805760042806
1.0612201020281349
1.1212276776836019
0.9862879951400967
1.038543617440297
0.9147121924889672
0.9598174394728132
0.8463452452930162
0.8845571566555189
0.7801689170821017
0.8122388019141135
0.7166997348637821
0.7433849885994473
0.6559199810632151
0.6775035384717367
0.5972994815519798
0.6143720493844703
0.5410437776603125
0.5541185463005265
0.4873615528353345
0.4966812104183036
0.4357489068965393
0.44169620524972275
0.3864346144787204
0.3896254007021816
0.3395229113570186
0.33994493875700466
0.29434772791293695
0.292305534539583
0.25114047884197477
0.24703454308785647
0.20994164391273054
0.20377159125771765
0.17088356696419785
0.16256935490445237
0.13344464242907317
0.12315273410471289
0.09764581558821916
0.08562748603114878
0.06343156329528533
0.049819387866608195
0.030856436936360733
0.015975382040394868
