W = 0
0.0
2.806750248835472
2.0260265926669536
2.8624192396846273
2.0522417070653955
2.919380840924379
2.078641632079718
2.977673589469464
2.1052224488658453
3.0373375319243685
2.1319800264085753
3.0984142986014804
2.158910017121422
3.1609471818534183
2.1860078524978843
3.224981219008946
2.213268738822154
3.290563280226558
2.2406876529495134
3.3577421616017324
2.2682593381653025
3.426568683891265
2.295978300133015
3.4970957972468026
2.3238388029417543
3.569378692380048
2.351834865263674
3.6434749186166506
2.379960256633019
3.719444509332303
2.408208493857569
3.7973501153049614
2.436572837575654
3.8772571465610746
2.4650462889693894
3.959233923342191
2.4936215866482163
4.043351836869286
2.5222912037149863
4.129685520642202
2.551047345027879
4.218313033071927
2.5798819446721315
4.309316052313979
2.6087866636550356
4.402780084246708
2.6377528878390084
4.49879468462082
2.6667717261263544
4.5974536964984765
2.695834008911398
4.6988555042008056
2.724930286813952
4.803103305092321
2.7540508297099358
4.910305400654601
2.783185626074064
5.020575508434382
2.8123243826497735
5.134033096600903
2.8414565244624588
5.250803743010918
2.8705711951912973
5.32203312865735
2.8996572579143742
5.339772916858052
2.9287032962444153
5.357471880956812
2.95769761586875
5.375118342603965
2.986628246509822
5.392700348423712
3.0154829443217754
5.410205672427335
3.0442491947362162
5.427621818874171
3.0729142157749965
5.444936025599683
3.101464961840504
5.462135267820439
3.1298881280012436
5.479206262432903
3.158170154783256
5.496135472817735
3.18629723348205
5.512909114163839
3.2142553120069803
5.529513159323374
3.2420301012701267
5.545933345210708
3.269607082129753
5.562155179755431
3.296971512900632
5.57816394941914
3.324108437438585
5.5939447272879175
3.35100269380887
5.609482381745046
3.377638923546174
5.62476158573582
3.4040015815117277
5.639766826626831
3.4300749463536815
5.654482416667473
3.4558431315742855
5.668892504057506
3.4812900972072445
5.682981084622062
3.506399662105934
5.696732014096205
3.5311555168430724
5.710129021020287
3.5555412372197095
5.723155720241226
3.5795402983813975
5.735795627020712
3.603136089535452
5.74803217174185
3.626311929264113
5.759848715209377
3.649051081424131
5.771228564535927
3.6713367716239467
5.782154989602331
3.6931522042655875
5.792611240081275
3.7144805801375034
5.802580563010031
3.7353051145430354
5.812046220896157
3.75560905594604
5.820991510339092
3.7753757051138526
5.829399781145586
3.794588434736222
5.837254455920673
3.8132307094950737
5.844539050105408
3.831286106560045
5.851237192439829
3.8487383364806673
5.857332645819298
3.8655712644453195
5.8628093285159295
3.881768931874822
5.867651335732139
3.8973155783152187
5.871842961451017
3.9121956635943445
5.87536872054908
3.926393890202976
5.878213371130817
3.939895225860777
5.8803619370456035
3.9526849262242143
5.881799730545525
3.964748557692789
5.882512375038545
3.976072020267883
5.882485827892389
3.9866415704168006
5.88170640324213
3.996443843892985
5.880160794751733
4.005465878462513
5.87783609828056
4.013695136485499
5.874719834401549
4.021119527299114
5.870799970721498
4.027727429349461
5.866064943947284
4.0335077120174745
5.860503681644564
4.038449757083859
5.854105623634912
4.042543479777389
5.846860742974814
4.045779349350795
5.838759566460789
4.048148409128676
5.829793194605622
4.049642295970521
5.819953321029514
4.0502532590942115
5.809232251210059
4.0499741782042635
5.797622920536831
4.0487985808702645
5.785118911616018
4.0467206591026095
5.771714470771478
4.0437352850719614
5.757404523689687
4.039838025922413
5.7421846901585605
4.0350251576277865
5.726051297849502
4.029293677843873
5.7090013950955285
4.022641317710361
5.691032762620228
4.01506655255904
5.672143924172728
4.006568611486473
5.652334156029433
3.9971474857528553
5.631603495321587
3.98680393597099
5.609952747154939
3.9755394980518166
5.587383490487536
3.9633564878774745
5.563898082735893
3.95025800467453
5.5394996630839275
3.9362479330642586
5.514192154470477
3.921330943771018
5.487980264236572
3.9055124929716807
5.460869483417069
3.888798820275176
5.432866084663688
3.871196945323014
5.403977118792376
3.852714663007147
5.374210409950299
3.8333605373046415
5.343574549402677
3.8131438937333306
5.312078887943547
3.7920748104362434
5.279733526938345
3.770164107907138
5.246549308010868
3.747423337373299
5.212537801390701
3.7238647678559245
5.177711292941997
3.6995013719325818
5.142082769897617
3.6743468102300403
5.105665905327033
3.64841541467969
5.068475041370979
3.621722170571564
5.030525171278072
3.59428269744672
4.9918319202837855
3.566113228871199
4.952056367134103
3.5372305911380364
4.911224179073833
3.5076521809472476
4.869711314258378
3.4773959421165643
4.827536245114653
3.446480341378545
4.784717944190416
3.4149243433223524
4.741275858287857
3.3827473845408482
4.697229881861546
3.3499693470457936
4.652600329745439
3.3166105310160177
4.60740790927575
3.2826916269447604
4.561673691877134
3.2482336872542708
4.515419084181562
3.2132580974464884
4.468665798749825
3.1777865468598603
4.421435824466443
3.1418409991026865
4.373751396678663
3.105443662234073
4.325634967151107
3.0686169587634007
4.27710917390675
3.0313834955392296
4.228196811025021
2.9937660335981198
4.178920798466785
2.955787458043115
4.1293041519955676
2.9174707480208655
4.079369953262458
2.8788389468650513
4.029141320121555
2.839915132472427
3.978641377240806
2.800722387976444
3.927893227071269
2.7612837727811614
3.8769199212358716
2.7216222940164827
3.825744432396804
2.681760878473529
3.774389626657808
2.641722345076397
3.7228782365555815
2.6015293779441944
3.6712328346915184
2.5612045000945733
3.6194758080524365
2.520770047837036
3.567629333065802
2.480248145901561
3.515715351432215
2.4396606833448704
3.463755546774366
2.399029290273828
3.4117713221392063
2.3583753154219274
3.3597837783861038
2.3177198046120346
3.3078136934909512
2.2770834801348494
3.2558815027927537
2.236486721069667
3.2040072802060116
2.195949544570401
3.152210720418794
2.155491588136772
3.1005111220932617
2.115132092887204
3.0489273720819816
2.0748898878466693
2.997477930670481
2.03478337525977
2.946180817852984
1.994830516935899
2.8950536006456145
1.9550488216305026
2.8441133814377957
1.9154553334634836
2.7933767873804447
1.8760666213726045
2.742859960806095
1.836898769597441
2.6925785506736095
1.797967369186248
2.6425477050277157
1.759287510515965
2.592782064461028
1.7208737768127453
2.5432957565637384
1.6827402386584098
2.4941023913441884
1.6449004494657908
2.4452150576013922
1.6073674419040171
2.396646320228601
1.5701537252527396
2.3484082184251593
1.5332712836626725
2.3005122647925287
1.4967315752980277
2.2529694452884472
1.4605455323350498
2.205790220012217
1.4247235617893725
2.1589845247925634
1.3892755471438574
2.11256177354869
1.3542108507473558
2.0665308613940883
1.3195383169540083
2.0209001684517833
1.2852662759718092
1.9756775643492497
1.251402548388584
1.9308704133604175
1.2179544503429178
1.8864855801620244
1.1849287993072135
1.842529436171094
1.1523319204497287
1.7990078664302172
1.1201696535423213
1.7559262770072972
1.0884473603805145
1.71328960287634
1.0571699326825925
1.6711023162461576
1.0263418004345632
1.629368435303987
0.9959669406480515
1.5880915333414194
0.9660488864985917
1.547274748230437
0.9365907368121107
1.506920792217838
0.9075951658679984
1.4670319620069348
0.879064433487631
1.4276101490960147
0.8510003953779466
1.388656850343775
0.8234045137003274
1.3501731787326958
0.7962778678357861
1.312159874302107
0.7696211653183029
1.2746173152235571
0.7434347529089818
1.2375455289920414
0.7177186277845894
1.2009442037074434
0.6924724488149818
1.1648126994216284
0.6676955479048466
1.129150059527529
0.6433869413761869
1.093955022167568
0.6195453413689698
1.0592260316397817
0.596169167238341
1.0249612497810392
0.5732565569278743
0.9911585673077404
0.5508053782992961
0.9578156150954394
0.5288132404002029
0.9249297753798439
0.5072775046522642
0.8924981928626784
0.4861952959434732
0.8605177857068947
0.4655635136089725
0.8289852564067184
0.44537884228602415
0.7978971025190286
0.42563776262963965
0.7672496272435021
0.40633656187639866
0.7296105428785019
0.38747134424489066
0.6868661058944435
0.3690380411621903
0.6459882708369311
0.3510324213066434
0.6068916787325895
0.3334501004581609
0.5694954701787287
0.316286551148052
0.5337230082722482
0.29953711210127015
0.49950162112732427
0.28319699746475074
0.46676236242201724
0.2672613058162919
0.4354397885518636
0.2517250289491778
0.40547175109299366
0.23658306042845512
0.3767992033898592
0.221830203915475
0.34936602018447444
0.20746118125794885
0.32311882929624186
0.19347064034340192
0.2980068544451027
0.17985316271450985
0.2739817683865378
0.16660327094535002
0.25099755559584297
0.15371543577814945
0.2290103838017715
0.14118408302060706
0.20797848372652697
0.12900360020434218
0.18786203644104912
0.1171683430054704
0.16862306779176967
0.10567264142871939
0.15022534939815227
0.09451080575689039
0.1326343057597332
0.08367713226782733
0.11581692704730955
0.07316590872139668
0.09974168718584124
0.0629714196192829
0.08437846686672192
0.05308795124069261
0.06969848115463398
0.043509796457318985
0.055674211379468284
0.034231259331153244
0.04227934102694963
0.025246659498944772
0.029488695362872252
0.016550336347301898
0.01727818454537995
0.008136652982598401
0.005624749997666327
