W = 0.5
0.0
10.652189661172025
10.3422694836512
10.910932927413105
10.596059138128911
11.174875548049748
10.854799165888133
11.44378811539749
11.119136732258905
11.718162871470156
11.387679317660599
11.998883019063621
11.660647889357977
12.285848735957423
11.939446385382839
12.57998188630302
12.22365413439598
12.880889925787516
12.514157786693747
13.188114556395709
12.811377976921847
13.501478006104689
13.114853685609141
13.821769528029728
13.423206776591273
14.150343185551803
13.738634401770826
14.48552480865235
14.060985973590581
14.828449332022423
14.390926888429581
15.180012735303746
14.728047593704302
15.539240374552652
15.072279521129355
15.90688743589434
15.422417680196913
16.28285974789039
15.77958825914984
16.668074269454063
16.144272360474137
17.063308370940355
16.517677413884524
17.467410972411777
16.89759760270173
17.880313721718853
17.287017922233467
18.302971918346906
17.684338430531493
18.738942724708565
18.09096764863551
19.18395673267979
18.50513591264912
19.63924754330185
18.926168682186052
20.10586108298183
19.355690362130797
20.58213445558593
19.794411456405005
21.069612472902854
20.243264545447428
21.56715116041355
20.698443963958034
22.076638938483548
21.164535469248083
22.5980390681723
21.64016423157485
23.133985097952277
22.125182869761954
23.682803499354
22.61896847733636
24.245092164065966
23.123248923264832
24.81905460121647
23.633609488033912
25.406949411303014
24.15462922330231
26.005992708588728
24.68556669800174
26.615832879391622
25.226287287998183
27.24038776951664
25.77646799260295
27.880495595508442
26.334848316354527
28.53293240297324
26.904704380751838
29.19871334898226
27.487534512346453
29.869969523283523
28.075936236451305
30.531242091520248
28.675591530171115
31.121600746912282
29.2863045831729
31.579295220474652
29.907233761107783
31.9310702048069
30.537294934034723
32.24431909990664
31.163479269886285
32.54103833464268
31.760301007122095
32.825340790185635
32.26586327582065
33.1094773843132
32.687849166270844
33.395253211943505
33.03728455814349
33.68232955092656
33.326548009779955
33.97140803076268
33.60439750031399
34.26231555380606
33.88243866062554
34.554949835672495
34.163127523668535
34.85160629721918
34.44502341019898
35.1512985374413
34.72829155788391
35.450818752078234
35.01216110828353
35.751907729306794
35.29698210703233
36.054165655929445
35.5827069711456
36.35639682683033
35.8689266747622
36.65977687095225
36.15573880715484
36.96433133665145
36.445238298453525
37.270131364196146
36.73536268501446
37.578091618867404
37.02670942432184
37.887502305004745
37.319018009775235
38.19811422593631
37.6110239854055
38.509404480062514
37.90373894542405
38.82103774457651
38.19674134365096
39.13351313096448
38.489362210819934
39.445647193826886
38.78226430195955
39.758121859641
39.074272159063696
40.07168097592826
39.365114673733245
40.386066892696256
39.65716272538674
40.70288667701726
39.951304925040716
41.01778892496858
40.24518765554284
41.33398724030957
40.53993586224883
41.6512273061557
40.833618966398184
41.96872252107434
41.12634895280898
42.2817360734592
41.41864646814309
42.58555615538032
41.713116213848835
42.87456923773617
42.007584258617676
43.14026472458339
42.301766728014044
43.37845079083902
42.59610775062586
43.591517048561975
42.886553324407416
43.7770064903545
43.1610964660209
43.93514292013059
43.408724277620486
44.07058793914218
43.62414394292565
44.19341135958721
43.81489269903495
44.31416003651506
43.982832395695716
44.432404634430476
44.126873536737904
44.549848402929165
44.24994386855283
44.66590808093075
44.36581386495149
44.78089634756423
44.47286342191612
44.89384114516048
44.57567051323792
45.00381082493265
44.677915903360464
45.11090242072848
44.77762355953299
45.21574432319493
44.875624642167345
45.31924472674981
44.9714736008944
45.420392921528006
45.065647018238145
45.51981378050668
45.157703530834716
45.61578125017692
45.24626815332467
45.70909803333924
45.33266031006898
45.80054834035351
45.41682635795647
45.89006855709358
45.498451538051896
45.97852306130815
45.57735264414641
46.065106106811974
45.653665685891106
46.14897363451294
45.72657153169833
46.230077642945695
45.795884035354085
46.30899920468172
45.863373887188985
46.38631663006948
45.927284166253436
46.46157347457822
45.98835370288429
46.53574094443712
46.04833892137434
46.6070234338676
46.105189658537995
46.67517324040805
46.16046907368397
46.73928669219705
46.21407066687965
46.79672363074932
46.26584710779827
46.846345762398485
46.31369668470934
46.885033453482386
46.35951209039392
46.912313494023735
46.402624835268384
46.92738584776359
46.438818318883264
46.91194301647482
46.359569811601666
46.67919138320635
45.953406336748614
46.06062224992108
45.271358525691184
45.315024558391755
44.520000648838874
44.57045383389989
43.77236638120047
43.82923465147159
43.030634278057185
43.09260994859595
42.298889198257214
42.35876706736669
41.5753597760766
41.63044032155977
40.86040311174045
40.90874264285183
40.153637933255816
40.19549403030063
39.456306205798604
39.49185686316939
38.76747166855273
38.7966060061789
38.08664648975621
38.10851358444696
37.414532245144215
37.429867302889996
36.749703066804265
36.75896500203803
36.093375964705565
36.097387000946256
35.44584573682132
35.44656555986702
34.80745997284555
34.80439723399053
34.17772009023315
34.1708255722818
33.55631310696124
33.54600887686953
32.944348773130216
32.92852369626693
32.34029751277651
32.32005975400475
31.744684829087152
31.721069688319922
31.15813789769966
31.129530579862994
30.578947394084697
30.545742427760466
30.006809102071117
29.97010857693684
29.441695522894285
29.40241687634365
28.884923288860378
28.84204091506518
28.335289156875913
28.28807954626956
27.79122422974607
27.741119231925747
27.251411702050895
27.201041667747955
26.712545221718596
26.66802703973979
26.171722087244476
26.14177922909708
25.629644919585346
25.62113879138903
25.088330172397157
25.10285349171138
24.536429639516804
24.586764569138875
23.98155573388691
24.068456051961398
23.423283172254994
23.546197083781266
22.861324994632405
23.019218856881405
22.30486677999453
22.480828291250663
21.75435015108638
21.939274331976208
21.215200643437502
21.399646630150706
20.68619579981548
20.861649602427974
20.166577660590175
20.332376188268398
19.656803716473895
19.81368601545502
19.158191710916746
19.303865682903492
18.668885814859195
18.8030624719395
18.187925901559982
18.312535657912104
17.717004408733416
17.829736933623316
17.253643238856917
17.356093139512772
16.798903124744324
16.89345701179368
16.354233317543308
16.438795338218657
15.919760674704563
15.995210759910323
15.492850317279721
15.56068450954351
15.075143254725305
15.134546733763212
14.665039154088095
14.717557733261533
14.26336372652887
14.310504241914208
13.870051100219417
13.910122697749172
13.484880205428286
13.518564882706345
13.107871387562177
13.13402893026032
12.73831996883109
12.75784448795543
12.375517420559174
12.390154622191663
12.020338129981052
12.03043716171833
11.672830439102672
11.678763075821134
11.33278409513672
11.335077661703991
10.999978541324529
10.998762460803258
10.674215700027595
10.669903099804044
10.3552488558425
10.347369912222122
10.042204093847277
10.029528220364863
9.733919218976697
9.716967663977353
9.431182209956175
9.410940946436455
9.131655768540902
9.112086906430095
8.833113602927499
8.81964857668128
8.525575454470783
8.53448511900392
8.190499964181367
8.254719415454675
7.842181704637869
7.980212766052591
7.4909132224750214
7.696572477394571
7.14868476405278
7.393406677848397
6.818823956500689
7.0615004210344745
6.499709832732614
6.721077993648448
6.192623131795632
6.38800548242082
5.896954472571596
6.069097588098206
5.612450958713447
5.762696061690591
5.337511101484755
5.469944783995984
5.071002049337929
5.1893984173421615
4.816853320135707
4.919783732939841
4.570987741920611
4.660531227951188
4.334652609001649
4.411601623404254
4.10863539985155
4.175313241149897
3.891789314042587
3.94930481379963
3.683876657450732
3.733282105118209
3.4841683296487362
3.5260925226581596
3.29313592002661
3.326762724050121
3.1083972689410584
3.1344676502186535
2.931223166900436
2.9504252838727663
2.7608833255862604
2.775643383049094
2.59896904810429
2.609230997606332
2.443750394419434
2.4500662272335982
2.2941172648271015
2.2966431314014835
2.150567126605398
2.150486901914663
2.0129984540407806
2.0112733044994866
1.8819492797193265
1.877889915015476
1.754875588684951
1.7491404739333791
1.6329290058277737
1.6260979693420972
1.5160245624004536
1.5083554941666757
1.404745509492941
1.395366427551676
1.298062027282485
1.28775453222474
1.196413584463693
1.18506504570341
1.0993189651128872
1.0872835647548564
1.0066046653012035
0.9939280124423142
0.9181509403468788
0.9052712911201097
0.8335719349049071
0.8206590856787153
0.7526416578151014
0.7395316101067413
0.6758688811799272
0.6622128136420322
0.6022223530277482
0.5883075715872792
0.5326128891113646
0.5181164075449352
0.46654228642582024
0.4513537598937874
0.40324360317738855
0.3878368046793571
0.3429266246635399
0.3270769426817558
0.28592105040628574
0.2693992370375531
0.2319068575603754
0.21456138123467133
0.18058018300593198
0.16215622666157953
0.13191674795894429
0.11255058376391586
0.08540519819848436
0.0652483069142896
0.0412197665670508
0.02085223770030409
