W = 0.7
0.0
17.87362546310969
17.12128556758071
18.40889355669212
17.717506709223255
18.952424092583804
18.318952280506124
19.506818585336006
18.930590083522883
20.074161387809976
19.554987493009644
20.655280716757495
20.19139241217688
21.252621744160237
20.84115577036228
21.866996309558598
21.50709535725206
22.49753235096302
22.19112722948856
23.14960343797465
22.893886492697245
23.820320556012057
23.613149634963474
24.515984322864327
24.35101772772376
25.236469323183545
25.10378617137499
25.981061315262355
25.877701850784685
26.74829384897308
26.676522646981383
27.541727379590604
27.49344358273959
28.36079657448425
28.337899722583654
29.203188251580794
29.205505029414738
30.07461736657027
30.098274151093552
30.969885615475878
31.010614686792948
31.887986093758332
31.956994914279854
32.82739263629875
32.9248347166306
33.80142578062683
33.91862123657664
34.80609153984598
34.9406400436568
35.841448682547714
36.00342318106167
36.91689498890429
37.089706604181984
38.03037825561896
38.20967857043768
39.166948936206786
39.34884247248381
40.33251389402354
40.52682377112109
41.5407212172046
41.73627257350703
42.784496103266626
42.97608338574766
44.06522482017048
44.24882680787539
45.38155436888412
45.553552972620984
46.72279600436486
46.89739992974635
48.10281668545272
48.28435510674649
49.52557158176142
49.71048332404188
50.96828286957547
51.16773021034863
52.40268415186784
52.61116876675387
53.79355088156936
53.98912071250101
55.04406588230129
55.20950490502624
56.0743466621305
56.24611610009924
56.89273617659634
57.125753778528626
57.63264086479613
57.90533623528504
58.34603639844646
58.646328010856166
59.0702751608242
59.37169621779586
59.7975448633669
60.09810684702323
60.5289897438974
60.830421152577735
61.26526408621614
61.57462399835035
62.00996837197713
62.31580960335702
62.75783990988862
63.06242790474394
63.50895247268841
63.81650530907934
64.26481872935241
64.58040016726542
65.02481464613
65.34700578809827
65.7941182815197
66.1220611749786
66.56657720229708
66.90125940307797
67.3542200379491
67.6892572795933
68.142554988483
68.49081795212481
68.9453426164866
69.29596611044812
69.75647157012834
70.1065442402362
70.57806410452432
70.92823530038804
71.40494531917169
71.75786202086506
72.23504095598047
72.58778369574561
73.07435163171753
73.4256853219412
73.92076496120681
74.27380271274453
74.77209222579782
75.12291934755945
75.60954608693008
75.96040654522241
76.43529303998534
76.78150239984282
77.25960563492939
77.5921514043959
78.0606236853497
78.36685441078458
78.81551353970929
79.10562845080688
79.52412847286756
79.79201508906503
80.17448944735244
80.42540973363624
80.7631670058604
81.01032134543088
81.30506651615478
81.55723474954897
81.81807151533776
82.07345355037545
82.31216924439502
82.55614649083392
82.78939131935326
83.01967957797937
83.24820702325124
83.479063176837
83.70404420111878
83.93597410165904
84.16193588201044
84.39041948438431
84.62084179677021
84.8490380250551
85.07395884089495
85.29659303373225
85.52270336556263
85.74211709351508
85.97360786488565
86.18409793575269
86.41974559296125
86.62429254692903
86.85977344634314
87.06347334173897
87.30330529401299
87.49852457237961
87.74165240049773
87.93923001928854
88.18008492011336
88.37888443389512
88.61831424010927
88.8187075342439
89.05378545535217
89.25078174195576
89.47932258522681
89.67713322461069
89.90047433736896
90.09912487297488
90.31405446756254
90.51147967757053
90.72113979848967
90.91341859506339
91.11692598067238
91.29572641089746
91.4985155637423
91.67524742224924
91.86435666027099
92.03466122012628
92.21730132590271
92.3791519052759
92.55765959024615
92.70481644856956
92.88528761977656
93.01340191377928
93.1905728231582
93.30463898390414
93.47243203300862
93.57243613196061
93.72115096801933
93.81305173917164
93.93499045166537
94.02121054842281
94.11972319975003
94.20059697055085
94.28649633591738
94.3543512608334
94.43486839584303
94.49552299685553
94.56944765711093
94.6250571285307
94.69426122070753
94.74690401599739
94.80794125313193
94.86088302792231
94.92018427493512
94.96736687981847
95.02341298014629
95.06787794259867
95.11887588830216
95.1639977360163
95.2116334011739
95.25165846223311
95.2993102061984
95.33732611396042
95.38456450358173
95.41719339833773
95.46000724527208
95.49036585577073
95.5295596178964
95.55963376791881
95.59764241431793
95.6231928783524
95.6602799840463
95.68050395782582
95.71490837665556
95.72996712228718
95.7247537029292
95.64459393383311
95.44748492863673
95.13027997577962
94.75226595235337
94.28331064672481
93.74184518297707
93.19118748988548
92.54381613557366
91.86317440133114
91.12796817280535
90.39297670924296
89.63591902758988
88.90293342459941
88.15604320285874
87.43010294799475
86.69204272446447
85.97321342859337
85.24070623103275
84.53109631508538
83.80697957912422
83.10120119002922
82.38941552255771
81.69209377514792
80.99070692319779
80.29679806100745
79.60931769637203
78.91650397307191
78.24238261403627
77.56180138981723
76.88991337619478
76.22204733080873
75.55302991350487
74.89715480638675
74.2327234524482
73.58805164714039
72.92694963489268
72.29439289460858
71.63941818644425
71.01412348837557
70.3691924696824
69.74620706622304
69.11198138800073
68.48845261971425
67.86415713945898
67.23857905697514
66.621511249527
65.99460741715136
65.37842161273458
64.750408182404
64.13356439842477
63.51223000619726
62.889525375193095
62.275636736950204
61.65220990754529
61.04071561030171
60.42375131787806
59.804600971019745
59.19685419211133
58.57061847554276
57.97338652981104
57.34703546787431
56.747300035556464
56.13727089240285
55.5332622427529
54.9300862927148
54.33557566606477
53.737093947593635
53.1495507535422
52.5626206880926
51.984755252205424
51.408517427933965
50.841566087305445
50.27463456413948
49.71541199642182
49.16054285749674
48.608005754821406
48.06594344713952
47.5220213439322
46.98638658495542
46.4531613226791
45.924204468498
45.40100943841932
44.876213832802755
44.36780317989763
43.84732188159037
43.35259022676197
42.8392494285675
42.35103401294872
41.85050903699457
41.36954987441464
40.8792528524933
40.403594432429195
39.927130716162885
39.45938430942992
38.99207637620568
38.53135941348812
38.07194276064202
37.613964357251966
37.16414010137059
36.711005463279704
36.269391935353454
35.8182257594001
35.38793030128117
34.93857317584015
34.51774068382
34.06934100303203
33.64662632491405
33.20670612842904
32.77526418136369
32.34058056506043
31.897222051457224
31.468891225790014
31.016403251857913
30.595590704888227
30.129936944798402
29.720145527925478
29.250324835461853
28.84446416411732
28.372577156370554
27.97706544323702
27.507773123878
27.11337835279346
26.655632503886153
26.261509928646486
25.819739222937564
25.424052081086646
25.005270923705698
24.61184161198929
24.203152690860335
23.814920341969547
23.421203497797077
23.04341677508703
22.658054165301984
22.28914342222974
21.915111115257677
21.556368238091945
21.18877282463655
20.838022400541814
20.477710794402878
20.139103378546768
19.786341222968183
19.457043055775717
19.111950056940753
18.788390373705344
18.450655698851413
18.137790566609866
17.80646353147166
17.499686916554246
17.179444095691018
16.88282126863508
16.573362156638073
16.282591227081728
15.982743154885185
15.69527178533813
15.405554036815174
15.123127316350725
14.84130228566023
14.566546614471465
14.294513450493827
14.027506421185272
13.76146728323684
13.50556179033066
13.245154230928822
12.997940666032893
12.739904089222447
12.500609377505498
12.247469598314412
12.017052354510597
11.767920741166433
11.543162388738738
11.296614695449726
11.075078471569133
10.82006128135358
10.587809293842039
10.333079172981822
10.081307758939948
9.821548025806445
9.554064420149754
9.28537058633194
9.022367336087697
8.742862683964724
8.50317977201296
8.218845637520412
7.999890205867114
7.713702675310687
7.519658273118863
7.233911864079535
7.062791749979941
6.784691673359525
6.631078890107621
6.36440289659598
6.225695468079372
5.9639737453209785
5.841313882770396
5.584119233613189
5.478313401617118
5.2224621225306835
5.128039352446574
4.874738825906949
4.7912851430914785
4.5408514620459615
4.476799718086685
4.227455136250144
4.174808919400726
3.9320622804059076
3.8880606693761135
3.6495507947260863
3.6124431325670328
3.3799296491489996
3.3480958769773954
3.1229740926956953
3.097475816624778
2.878197550469943
2.8599138500313304
2.648903852078758
2.6334603926127786
2.4296033560472083
2.419918828804904
2.2235956881310432
2.2189658807389705
2.031564152942739
2.0261007909456636
1.8490719825171282
1.8439478896535377
1.6763465954222498
1.671256096199067
1.5142891989309113
1.5068180318267739
1.358021858710106
1.3503286267064836
1.2098549911027325
1.2029274045616052
1.0710451746364342
1.0628216632708882
0.9403832175468332
0.9301824823645188
0.8181389858703734
0.8049038678035884
0.700730584849753
0.6857882078510669
0.5908698154568249
0.5736416270511252
0.48730156096765553
0.4670563724458329
0.3912647102200844
0.36842978944080473
0.3015085362369079
0.2754568092549713
0.21825369375036088
0.19023393946387096
0.14036120989289544
0.11076489914141453
0.06794338222157681
0.03672853627495371
