W = 0.2
0.0
4.248021319476162
3.4939152035519148
4.333435184487177
3.548181975914889
4.420690250067327
3.6030132271480504
4.509880179886826
3.658458499016778
4.601041774245461
3.714534583243603
4.694238797394739
3.7712019616291
4.789542440467286
3.828483701345529
4.886991943639543
3.8863897769651294
4.986624838233149
3.944879812620172
5.088453674908045
4.003999604078976
5.192689624202002
4.063713952693932
5.299295771987108
4.124030460822933
5.408315036580192
4.184885708782384
5.519733759266494
4.246296068065663
5.633722254472523
4.30827008948908
5.750331994298424
4.370803003699185
5.869631906645965
4.433867322030192
5.991639418363264
4.497425614876566
6.116483148444598
4.5615524487797146
6.244306053300127
4.626176489425208
6.375175334049367
4.691322238579326
6.509165460804862
4.7569314487940275
6.646336858391292
4.822959946942469
6.786603930713504
4.889427155192074
6.930306257761055
4.956384259331282
7.07755382025842
5.0237561109133475
7.228348025864938
5.091532616309837
7.3828013043744996
5.159696529794959
7.541036894012197
5.228210923849701
7.703224116211464
5.297057020939344
7.869485481496991
5.366256059559764
8.039945461771223
5.435779706709389
8.214830396039188
5.50566309930053
8.394145573601108
5.57581367656459
8.578157528776385
5.646278114559605
8.766821678702113
5.71694106849353
8.960343832962845
5.787801675607596
9.158945698633515
5.85886014605914
9.354018735174575
5.930109978247393
9.449401655483111
6.00146114163746
9.499514775636982
6.072907734155015
9.549065229730271
6.1443839415184085
9.598538317033917
6.215856303121917
9.647797475570501
6.287326914378467
9.696919395013694
6.3588281923217975
9.745827653731853
6.4302673589539125
9.794523755379286
6.5016314794425405
9.842986703044193
6.572837073177923
9.891216354924678
6.643923438994933
9.939196452063982
6.714762344496334
9.986891640811644
6.785398578511679
10.034249651016808
6.855757842091508
10.081347544284945
6.925934288596196
10.128277657707342
6.9957357147101735
10.174786021286662
7.065033655978515
10.220956297097931
7.133831046004836
10.266831703762346
7.202168601589463
10.312284028094421
7.269904935986643
10.35732021915277
7.3370382836509265
10.40189319845015
7.403610983647517
10.446119369815195
7.4694754776633205
10.489717495470897
7.534540574270278
10.532794375849505
7.598709226775009
10.575292223098856
7.661943368859725
10.617163239161597
7.724190368489393
10.658495160695033
7.785657086964449
10.69916772315723
7.846033065544196
10.739262850381463
7.905312589380067
10.7785445554067
7.9635305434279555
10.817104681822101
8.020532001422634
10.855077504623956
8.076356133584337
10.892316789399999
8.130876389649945
10.928727408026436
8.184050243001831
10.964330101940853
8.235926676215053
10.999195504605282
8.286317820229836
11.033231072649132
8.335252320384406
11.066366023984616
8.382651617244543
11.098508629523161
8.428362694916046
11.129633475669047
8.472502904624543
11.15961331458216
8.514825703452312
11.188491753532263
8.555423736947944
11.216104500137691
8.594138028449091
11.24260892532257
8.631032080690836
11.26780312073857
8.666044362103865
11.29168120971227
8.69907976944914
11.314419827440394
8.730097883640425
11.335736924682196
8.759081170688322
11.355591610095598
8.78606682783384
11.373987110764782
8.810797219924321
11.390731508954582
8.833418054170016
11.405806008007815
8.8539149073189
11.418667641775341
8.872166596025746
11.429481848745823
8.88825535630325
11.437854568751456
8.902067111772618
11.44344660833136
8.913380356466206
11.445986312010413
8.922163900515011
11.44554017979375
8.928585339962623
11.442071477149325
8.932699552987257
11.435103898686716
8.934582460006517
11.42416590876561
8.934002503039407
11.409313308789157
8.93062222532767
11.390582698820854
8.924587476459674
11.368688983719661
8.916047550035806
11.343912870324763
8.904986323275649
11.316459983154699
8.891187693105334
11.28609907844964
8.874555689759136
11.25268632892077
8.855196483025795
11.216356765344731
8.833045595013278
11.177344849323363
8.808387099594063
11.135847519085461
8.781002271882526
11.091603914804587
8.751156658497173
11.04452386984324
8.718789594192517
10.994761376932844
8.683901503641554
10.941933096379906
8.646435685986896
10.886588751563954
8.60657925564348
10.829122637176782
8.564412344095945
10.769455854216844
8.519498085346386
10.707095621929216
8.472051447981066
10.64225983696783
8.422185221870873
10.575288433960917
8.370128086111825
10.50603851712362
8.316073370195607
10.434626062409059
8.25954664715422
10.360899043736502
8.200663267249608
10.284494597738014
8.139550740817912
10.205983601810035
8.076138147113166
10.125031821960066
8.010537906782723
10.042290739240569
7.942809803544625
9.957140097286644
7.872951121773464
9.869982427866036
7.801116867943714
9.780815705121862
7.727336044334812
9.689617961440872
7.651692003633159
9.59658004441441
7.574107294822107
9.501545828760195
7.494876519453858
9.40488320093323
7.414006444682764
9.30662926008783
7.331784556831029
9.207055467303755
7.24811990018964
9.105832947698195
7.1627761266096766
9.003145330897485
7.076018556908124
8.898737179755935
6.987988741896896
8.79321593244538
6.898648055038856
8.686082329004295
6.8080659313198435
8.577340340393963
6.716241442903073
8.467385042741963
6.623336047950753
8.356173741840113
6.5296441286287195
8.244068582410064
6.435146525590325
8.131300655499189
6.339979952259152
8.017931461324782
6.244203020532686
7.903839850929521
6.1477122115434435
7.788872658360534
6.050692581047572
7.672950660938835
5.953373247554082
7.555952872416221
5.855732177574783
7.437840561330687
5.757690070516657
7.318568253321082
5.659358916606387
7.198418921060256
5.5607191872657165
7.077465690348184
5.461945692031161
6.955955600532874
5.363217661001007
6.8341700162800745
5.264540635330649
6.712689424509418
5.165907011215898
6.5917727900189025
5.067386641495128
6.471432484647123
4.968982277162825
6.351681295331227
4.8709028450902245
6.232710815657462
4.773007467498093
6.1145071080243385
4.675537700415405
5.99714805678063
4.578380344120774
5.880457252400482
4.481718631052707
5.764771718359892
4.385600500840594
5.649994987586852
4.290104641290764
5.536241071787662
4.195117942504077
5.423513007625543
4.100784833038781
5.311890990876218
4.00720975264677
5.201401558297084
3.9143574689815095
5.092089927043944
3.822306130723493
4.9840054570948835
3.731026500417215
4.877109485779595
3.640618399320187
4.771499313588601
3.5510992305573463
4.667141572263576
3.4625449136983995
4.564009027137065
3.374961077644994
4.461961429921195
3.2883663441095514
4.361178924725138
3.202789905370387
4.261589532230372
3.1182229691978764
4.163248186150874
3.0347398922640223
4.066192188626224
2.9523842564851073
3.970334736663129
2.8710995187430126
3.8756401528737383
2.7909734355306073
3.7822089683651687
2.7120597300568323
3.689998848720019
2.6341749378731745
3.5990582404399833
2.5575533178098953
3.509434338609034
2.482231573400841
3.4211054134996113
2.408145470297005
3.3339849315332497
2.335328660515531
3.24810230453231
2.2637446191631048
3.163386359311317
2.193421456082834
3.0798835954525896
2.124381410125461
2.997596328220279
2.0566064366959944
2.916471139748665
1.9901424694863996
2.8365431639441354
1.924927718917596
2.7578209089061385
1.8610112875436886
2.680314806595387
1.7984167755651659
2.6039120440226236
1.7369717987519504
2.5286226628168103
1.6768322114963556
2.454512541057157
1.6179366455762354
2.3814906879861617
1.5602478382960878
2.309624227778114
1.5037775770519635
2.23886122347457
1.4485056002352534
2.169171005050051
1.394450781025549
2.100616857033527
1.341580415170468
2.0331573876418827
1.289930921506846
1.9667624762867748
1.2394751848248637
1.901468852493172
1.1902199903450883
1.8372078989806893
1.142138497445769
1.773992563678829
1.0952059373866387
1.7071292633367334
1.0494493452349407
1.6203473386292455
1.0047738611099706
1.535705097878625
0.961184453489049
1.454552711853789
0.9186959089106547
1.37680686611966
0.877313689183492
1.3023351346636918
0.8369576492311492
1.230860941605414
0.7976694466371556
1.1622972909437261
0.7593836955635713
1.0964474842706757
0.7221301347343649
1.0333163879299134
0.685880443038811
0.9727907726045727
0.650652549770776
0.9147545369042285
0.6163993530391823
0.8591331840085666
0.5831308099780574
0.8058271103696837
0.5507782246805214
0.7547752417598778
0.5193667739549443
0.7057929396869504
0.4888337126296765
0.6587982869755419
0.4591954408866533
0.6138769637594759
0.4304830078623209
0.5708647082484822
0.40262498847164563
0.5296261818412685
0.37558022532816787
0.49012315248570365
0.3493729130741714
0.45222991939881013
0.3239338669792067
0.4159037853775286
0.29929719543944533
0.38116269382539286
0.2754616320602092
0.34791389584282234
0.25237577774043374
0.3160759130364612
0.23003228337985362
0.2856128403909942
0.20842321342033623
0.2565221162606475
0.18755907520980464
0.22868106851324183
0.16737096162925472
0.20203400055297416
0.1478491058607657
0.17647277384457827
0.12897018762448426
0.15203412787129816
0.11075807104792186
0.12866449158242568
0.09316927852801302
0.10630910546301442
0.07617993534108285
0.08493586689900763
0.059812642061116805
0.06450179930642513
0.044012342318862134
0.04496474414206056
0.028747296218680798
0.02631885333465366
0.014086819693438255
0.008559385783421768
