W = 0.1
0.0
3.1907540875450855
2.3958942642476013
3.2541849430826075
2.4286289420420073
3.3190656452419565
2.4616344398525762
3.385434557287825
2.494903896630931
3.4533350045994142
2.528430519642186
3.5228019498867207
2.5622181158716186
3.593887868938943
2.5962549631383576
3.6666383619263585
2.6305349644262144
3.74108617072516
2.6650564419875624
3.8172967777914733
2.6998154344874323
3.8953247375397417
2.7348160022872126
3.9752244991764716
2.7700334334302004
4.057033658063239
2.805464522748282
4.1408202717227365
2.84111226925791
4.226669989789058
2.876947991077882
4.314612403648613
2.9129711586322613
4.4047346005694195
2.9491822181848923
4.497106178624093
2.9855630761334577
4.591792410467041
3.022117355059021
4.6888950791743484
3.0588346429947237
4.78849466938519
3.0957021969513763
4.890651178433312
3.132715879215262
4.995450629009203
3.169861992712594
5.102995718350733
3.207131199447722
5.213370162027221
3.2445081939398044
5.326678363472666
3.281983101150268
5.4430335313892435
3.3195554472574442
5.562560971425939
3.3572038653134704
5.685352530142904
3.3949200516616087
5.8115312791380935
3.432685690626297
5.941232057142758
3.4704918896655315
6.074537306175135
3.508324172382042
6.211619390545845
3.546166656003583
6.303482552354735
3.5839993858270076
6.3283807127368545
3.6218023153377965
6.353251884744968
3.6595701606290656
6.37811652376651
3.697278368760534
6.402939694391813
3.7349227217926244
6.427615431552231
3.7724875927676704
6.4522205534206645
3.8099601782445744
6.476764637494003
3.8473181021047775
6.501177198260115
3.8845447221529317
6.525480731053091
3.921610520342309
6.549577667381374
3.958493081127374
6.5735128922976
3.99518188394843
6.597237198100624
4.031673670121241
6.620742265817648
4.067935773547857
6.644033428102628
4.103950150426191
6.667086609819488
4.139705150209444
6.68990474244314
4.175186353193873
6.71244543507438
4.210361766003202
6.734731537520217
4.245196638360778
6.756674099016941
4.279669009554156
6.778223348758968
4.313763378157473
6.799400845020695
4.347457420060308
6.820194305420646
4.380728276074435
6.840546562934542
4.4135605382269
6.8604806201057835
4.44593752565827
6.87996315970783
4.477840827290568
6.898964830469627
4.509247730488341
6.917454551380461
4.540128803463374
6.935395805204514
4.570438583331766
6.952739128119601
4.600186065481422
6.969500453189717
4.629328611070369
6.985677504819183
4.657857136730501
7.001226236397665
4.685726986425033
7.016095659131059
4.712944916574557
7.030339315114312
4.739447826278096
7.043911346954537
4.765246028347587
7.056745636057666
4.790310769615624
7.068862742617227
4.814603360034779
7.08026323518953
4.838118340078386
7.090836027898394
4.860805849021788
7.100605841479957
4.882682839819715
7.109582552514046
4.903693879117266
7.117673989566353
4.923825341938984
7.124887097605994
4.943038457593638
7.131191246853526
4.9612941150298315
7.136503931726475
4.978591409879479
7.1408348828383295
4.994919434093827
7.144228859768688
5.010256488902948
7.146579359725755
5.024574398961075
7.147885381989602
5.037867985056369
7.148222345695741
5.050113800502097
7.147545042761057
5.061310671555928
7.145830628355207
5.071415438394694
7.14301582411109
5.0804151495606975
7.139091849323055
5.088289815227787
7.134106134879445
5.095063508551852
7.128025356352127
5.10067633768489
7.120799312348754
5.105104423893395
7.112319061927979
5.108361821660818
7.102646949741462
5.110428209019886
7.091832732612666
5.111296827817601
7.079799459361729
5.1109466787481175
7.066544617069426
5.109366264301806
7.052071631038266
5.106567536214077
7.036360056671701
5.102519552141434
7.019440593978096
5.097242759098131
7.0012278551964116
5.0907376904925075
6.981777662594969
5.0829658746339454
6.961079723031437
5.073964146632079
6.939168334732494
5.063700551146647
6.9159949263968095
5.052165807894658
6.891610643021867
5.03937493131055
6.865972361886401
5.025332420442888
6.839051810558299
5.010052203809658
6.810880693285921
4.9935206259073714
6.781468285474949
4.9757505160926145
6.750805791884172
4.956781092788489
6.7190069249699045
4.9365771866932375
6.685998446219816
4.915158231375414
6.6517651664995565
4.892561323590683
6.6162928169417405
4.868780282008409
6.5795924669745025
4.843805553001436
6.541674572132899
4.817685622897134
6.502601046634129
4.790419616168431
6.462355115385899
4.762054977561823
6.421055356509799
4.732553816995382
6.378548186011446
4.701943237559246
6.334877898977456
4.670225784332671
6.290028078781078
4.637428132507328
6.244076248667448
4.603533587701196
6.196991238566667
4.568611457330768
6.148897043234134
4.532693542076026
6.099716064364993
4.495798012949477
6.0495474862406216
4.457967541869603
5.99841548408153
4.4192197582251485
5.946337296259829
4.37957676719696
5.893343243783003
4.339066991182961
5.839465523672197
4.297710991905175
5.784740876794626
4.255531704883558
5.7292647853558245
4.2125603102271665
5.672936621801197
4.16881159157521
5.6158916538228
4.124369296331745
5.558084018471423
4.079226469947081
5.499573732665486
4.033395667969069
5.440322047115309
3.9868964718900908
5.380424000692685
3.939766295682411
5.319937484198301
3.892064641831444
5.258890121468122
3.8438110490911424
5.197305899185106
3.795054791696522
5.135252521521814
3.74581568344509
5.072775068895465
3.6961431341530813
5.009843425623228
3.646017574840782
4.946499877948043
3.5954973134257564
4.882811453236624
3.544620146415473
4.81873653537728
3.493417850763541
4.75436788219279
3.441920542243425
4.689774851731778
3.390187006599163
4.6249868694513925
3.3382275865949165
4.559934181185837
3.2860643818624493
4.494710589118345
3.23374043354169
4.429403507792402
3.1813100455260885
4.364059455173024
3.1287834808017942
4.298650297205325
3.076179454328397
4.233201427970646
3.0235346368945053
4.1677121252910245
2.9708798229826194
4.102203568216821
2.918257562183819
4.036727925225964
2.8656651256066
3.9713020714279823
2.8131644194384293
3.906029107343948
2.7607900908921623
3.84082440314039
2.7085133520015976
3.775792742970113
2.656390412066062
3.710992244148734
2.60447154016273
3.646386989936755
2.552757387346328
3.582015999061854
2.5012593462028545
3.5178719096431967
2.4500142440146133
3.4539546012830997
2.3990202994402243
3.390365742288818
2.348329428086184
3.3271347897583645
2.297955408828297
3.2642237436298385
2.2479142608743716
3.2016760140987097
2.19823968906889
3.1395360032172426
2.1489435568882826
3.077768501898689
2.100042703537401
3.0164089238569516
2.051568274249516
2.955506115955904
2.0035202118246884
2.895020374656224
1.9558973157591262
2.834990879790873
1.9087403805448122
2.7754694780330693
1.8620708174624037
2.7164238757424406
1.815884194352149
2.6578532495969274
1.770185862290569
2.599752808049926
1.7249995054472607
2.542174384541897
1.680351619463031
2.4851587226530865
1.6362322422483866
2.4286970080687076
1.5926618497818186
2.3727635673559417
1.549628879979016
2.3173739671413442
1.5071659206669985
2.262554601045856
1.465277587553071
2.2083123899630404
1.423970173161998
2.154657153612415
1.383251726459616
2.101605356755671
1.3431261508182333
2.0491774265822236
1.3035989658422928
1.99734860976661
1.2646647166221119
1.9461125338642886
1.2263315707792681
1.8955047043268618
1.188612905758413
1.8454938682608168
1.1515058499812785
1.796121396123085
1.1150225743522717
1.7473793452902862
1.0791692082141973
1.6992414043028565
1.043940442388942
1.6517257146009197
1.009343585501461
1.604812470461702
0.9753598907645462
1.558512113952656
0.9419979804972859
1.5128430001404374
0.909253107119861
1.4678076908345756
0.8771311795998681
1.42338979728157
0.8456221140312785
1.3795813223851658
0.8147315285747023
1.3363927897366932
0.7844603508612349
1.293823771116817
0.7548050042908959
1.2518770783415918
0.7257667229563122
1.2105406816391924
0.6973390837344993
1.169819433447077
0.6695085855838717
1.1296812202996518
0.6422808871524828
1.0901496025701594
0.6156455098874152
1.051197550437271
0.5895990404664699
1.01283246278893
0.5641423667475216
0.9750610460166533
0.5392666574616133
0.9284404995172392
0.5149732677922925
0.8759556986927011
0.4912490562822547
0.8257286995348112
0.46808790172926384
0.7776621238143062
0.44548261201743833
0.7316518637553617
0.4234198851219495
0.6875981693940805
0.40189922723626403
0.6454405090947484
0.3809146439037075
0.605070527309797
0.36045401277583583
0.5664133186295551
0.3405221549121004
0.5294063609110566
0.32110784621857347
0.4939784475556515
0.30219974488260853
0.460067108290281
0.2837954630035633
0.42761341409180387
0.26588327609217255
0.3965450120110903
0.2484583536287597
0.3667889697001122
0.2315109147094333
0.33829368828045575
0.21503625056553044
0.3110307557886119
0.19903227651404035
0.2849388333767508
0.18348287061638535
0.2599724526692618
0.1683901576127448
0.2360998404879947
0.1537494378266144
0.2132545584085935
0.1395372492224221
0.19141028000327354
0.12575268217304683
0.17053118418484306
0.11239348803713621
0.1505650404199625
0.0994352302903157
0.13146733207631045
0.08687823486222956
0.11321320556770238
0.0747158452050673
0.0957778708107188
0.06294329582082185
0.0791136342738846
0.051551459429080106
0.06319394867478959
0.04052864054498048
0.047995727452616356
0.029871174239747698
0.033478631698049446
0.019571002201908654
0.019620790264070095
0.009617342566836305
0.006388516443913917
