W = 0.9
0.0
28.34495527965209
25.480704916569923
29.355045505242046
26.738608109010837
30.361990587336383
28.00803836271918
31.416861397022487
29.298830415120847
32.5104089202273
30.628944814867403
33.65234723346696
31.99444546505256
34.83039241245725
33.39308169676731
36.075482279968114
34.830419667831606
37.36940445167978
36.30676800446815
38.708058155247585
37.82428311530431
40.106289239323566
39.39436664886819
41.568446850383225
41.01561376539663
43.087698633610145
42.690141432520214
44.67631576684488
44.43642581224797
46.34136686237707
46.23091077314239
48.05146589758169
48.08513733390953
49.82391048716853
49.99695435820552
51.68486561689112
51.98130464183682
53.62973083936719
54.03837631180464
55.667034131023165
56.145109044464135
57.7844314144501
58.33630368062326
59.97571722761909
60.61470559721951
62.265845953951334
62.98397687938176
64.64497532482675
65.4570924561563
67.12448889713943
68.01147710934792
69.72564102332649
70.63058193598896
72.42779794071996
73.33411565280669
75.21574949950086
76.15515942234768
78.05654757471748
79.02999161745464
80.8930107612671
81.87896820509401
83.57338102664107
84.55298788245712
86.00723468032618
86.86281267950355
88.07425466881732
88.83783968285053
89.79194912028773
90.49011112586403
91.36047408989006
92.0425111602153
92.87194742775155
93.55901891406829
94.39291548276766
95.09333649792909
95.94396508852982
96.65879780764584
97.51658769042432
98.25577511308536
99.10452785677974
99.87241674899455
100.72845431982334
101.52211154558026
102.36640503181644
103.18392474755785
104.03924023405166
104.86660230569804
105.72505539295976
106.57154215200848
107.45709322600833
108.32695787642618
109.21054613930124
110.12396132357318
111.00641089793824
111.93169013676193
112.8275566394175
113.76420324975537
114.68465935191101
115.62684879558684
116.5458306265042
117.50257849322871
118.41119968010766
119.37872327672567
120.27449148841383
121.26003773276094
122.15557245932332
123.12011606802162
124.015588736193
124.88247883401883
125.79750397606807
126.60788175750933
127.50199076063991
128.2605730388838
129.10514852180427
129.79390151343077
130.5882777266693
131.19537757823696
131.9545232323194
132.52069003017684
133.22927350739735
133.78197544069485
134.44802883292752
134.9972739847835
135.63737100798127
136.1893583130041
136.82599852462428
137.3796920449997
138.01982574054045
138.57470064868232
139.20974384702978
139.76729714523339
140.41185564763896
140.97415885179825
141.6254924799728
142.17607997128928
142.84362007709512
143.3832150924515
144.05166225148815
144.59567857205752
145.2637620847475
145.81338711376029
146.4896936296547
147.03494780054854
147.7173641408945
148.25374415520392
148.93055254223322
149.4703370670199
150.13822038048
150.68242844897546
151.36206568449688
151.89811741469902
152.53685908329405
153.07662615516168
153.7034257191618
154.23653208032093
154.8442311159992
155.38098363445525
155.96726571092444
156.4849802052085
157.0660321066612
157.55766200016672
158.12616501869465
158.5630868130272
159.13526314650008
159.5274305485628
160.07373844891666
160.46283491476817
160.957199372845
161.34799221454514
161.78980467919817
162.1721620270789
162.56985051348767
162.96656214219632
163.32697590347155
163.720815424452
164.06657881289667
164.45500695704357
164.80598372275185
165.1874093362503
165.53384094217805
165.90551803254934
166.24859342677607
166.61378929979142
166.95546296551439
167.3067320377537
167.6586350000559
167.99859680014214
168.352823220521
168.68328222638212
169.04654160683796
169.3644306712634
169.71935593310167
170.03039821587998
170.37166313398876
170.67513668949275
171.01487343867257
171.3062898790117
171.62676045369363
171.90709656642912
172.2119653259665
172.49225307174362
172.7833290639585
173.0518152324595
173.33186092363385
173.59243910412695
173.85684647486744
174.12132790860647
174.36029769241725
174.62666123369667
174.84084032705786
175.0979528462617
175.29975143705627
175.51966534885796
175.7340769470831
175.9166421725724
176.12780147978887
176.28720818883215
176.473445874353
176.61847200926894
176.77299730268004
176.91419334535
177.04807027534355
177.18188609856136
177.28812591077624
177.41453665394664
177.51222876772385
177.62721907144913
177.71838059459884
177.82719154278112
177.91531437370665
178.02396765451255
178.1054184987933
178.20956632164865
178.27573355594708
178.37002386232777
178.43972712820204
178.51842328957238
178.58270542797155
178.65545953444277
178.71455864896168
178.78522181135105
178.82927860804014
178.89381609918485
178.92182223815738
178.98346335058443
178.97997240246593
179.03531624325848
178.96723449716714
178.96884814841349
178.6724474990984
178.33460410392684
177.44133222661856
176.33841875962975
174.9810341875887
173.66858531914832
172.23538213727858
170.84876190521234
169.43472641057727
168.07144549139224
166.67591678311848
165.32345512069335
163.94059275786603
162.60392592956995
161.23606120531016
159.91331368143872
158.56076870978202
157.25110723046203
155.92236377470334
154.6275577360033
153.3051403737727
152.02686656367715
150.72158371389853
149.45104414531517
148.1578665173069
146.89052256835834
145.61361862925813
144.3468967284268
143.09087421338904
141.81764198853332
140.5844730650316
139.3200411562424
138.1064585106539
136.84707504263156
135.63711846263897
134.38715632863804
133.19091017171831
131.9485003413702
130.76689831796992
129.53108394955936
128.36598520135584
127.13021676863474
125.98481822524427
124.74513640095171
123.60948580246665
122.39071117017089
121.2561415005391
120.0496091687913
118.9120470212497
117.7153029705561
116.57876481232539
115.38936583011954
114.25013347968968
113.07607509642573
111.94551389870784
110.78428669905
109.66171808867682
108.5220872978503
107.41124693296968
106.29199295449413
105.19196545832772
104.08880637008465
103.01221388887716
101.92528791202531
100.8676504553216
99.79301996230207
98.75009858364412
97.69414211340226
96.6683471499984
95.62457949187134
94.61536841529144
93.5876198171365
92.58911922062495
91.57531907554066
90.5913385875373
89.6013157913736
88.6336937303771
87.65049006424248
86.70086763491824
85.71263319433004
84.77417031463749
83.79533589582053
82.86652931130267
81.89216693634064
80.98399617246558
80.00040815526087
79.1139226902069
78.13614774014864
77.26361232496535
76.28596741243709
75.41582031081818
74.4492293486408
73.56543186152518
72.60715588380481
71.72770965839828
70.77208547589774
69.88196987195903
68.95898560912772
68.06042831589907
67.15549882437107
66.27505256845413
65.36927368562657
64.50199574784227
63.62103763315892
62.77194413699415
61.893069360312126
61.07000297296668
60.192540809143686
59.38882002619997
58.53281618951083
57.74901429023105
56.899482060403656
56.133921092496415
55.30851244519145
54.545636549182255
53.74262735104983
52.984779110516925
52.2077551038253
51.46242500843094
50.71919840508922
49.980428116236205
49.253347470410965
48.52741361823844
47.81908299586289
47.102237715266206
46.41942350809228
45.711033737208886
45.04089775984863
44.351253238394875
43.672724550077945
43.00978772984913
42.326619475494496
41.6701859601287
40.99676263047961
40.34792372109495
39.67052791636838
39.00337842407894
38.32287654226568
37.6417408028453
36.971497051113495
36.29763867480721
35.61603853172779
34.96069958296502
34.263989530404174
33.60819741414789
32.93188455455338
32.29313312687614
31.627159775937034
31.012756322734482
30.367362598871694
29.77352276440861
29.150265070430724
28.57896487839383
27.98951880041631
27.437804431410214
26.85861754364121
26.326829395039134
25.767744357559128
25.257527436901952
24.71840180847097
24.217042223828187
23.70273269600532
23.19911909223074
22.70164170389347
22.205483421951808
21.74227351324257
21.250899873929082
20.80348069884908
20.321447386761356
19.88936343355108
19.42652588486195
19.00754385412781
18.556389441993534
18.150087270489607
17.703528002980164
17.308869427406254
16.885894818293195
16.49445154299979
16.088854587787257
15.705577535394829
15.315981340639539
14.942810736246274
14.567523736802881
14.201012326627428
13.841624602975653
13.471140823917933
13.119247076220091
12.71178244594345
12.350527975339944
11.878192772491762
11.54162050613363
11.01097326089183
10.73350491350668
10.197184411926855
9.944548880979859
9.436285817587688
9.19037375485351
8.707180893040642
8.48397078745488
8.035181394268799
7.824809918335021
7.418146363322685
7.208706171254314
6.833738094081841
6.641759851784352
6.280690121012478
6.10497863787963
5.76980855863432
5.598296156542128
5.284346580393886
5.124875216818956
4.824284472100048
4.685908524586496
4.39360688252485
4.260074232245565
3.9965817886442707
3.859064153029567
3.6155023165772664
3.489343272302574
3.260371426559881
3.1429361194197005
2.9290323841062476
2.8195854480225395
2.6219585142319968
2.5145030348927366
2.3384837858307717
2.232908707310969
2.0682079593220513
1.9704804603152886
1.8123142595551531
1.7241308171641465
1.5738321910305217
1.4930347258389034
1.3543941602593785
1.2825308087187535
1.152460503699575
1.089654098187719
0.9651708641908687
0.9114584042336128
0.7893647575017992
0.7425109395802648
0.6243820428871165
0.5847372896147068
0.47173492524768795
0.43621846807091763
0.3340648582701852
0.29910475113714197
0.20947749631918497
0.1735401936011697
0.09849141740717318
0.05613298355241929
